HOST,PUBLISHER_APP_INITIALIZATION,SUBSCRIBER_APP_INITIALIZATION_START,SUBSCRIBER_APP_INITIALIZATION_END,GENERATE_OFFER_NONCE_START,GENERATE_OFFER_NONCE_END,FIND_SEND,FIND_RECEIVE,OFFER_SEND,OFFER_RECEIVE,SVCB_SERVICE_REQUEST_SEND,SVCB_SERVICE_REQUEST_RECEIVE,SVCB_SERVICE_RESPONSE_SEND,SVCB_SERVICE_RESPONSE_RECEIVE,VALIDATE_OFFER_START,VALIDATE_OFFER_END,CLIENT_SIGN_START,CLIENT_SIGN_END,SUBSCRIBE_SEND,SUBSCRIBE_RECEIVE,SVCB_CLIENT_REQUEST_SEND,SVCB_CLIENT_REQUEST_RECEIVE,SVCB_CLIENT_RESPONSE_SEND,SVCB_CLIENT_RESPONSE_RECEIVE,TLSA_CLIENT_REQUEST_SEND,TLSA_CLIENT_REQUEST_RECEIVE,TLSA_CLIENT_RESPONSE_SEND,TLSA_CLIENT_RESPONSE_RECEIVE,VERIFY_CLIENT_SIGNATURE_START,VERIFY_CLIENT_SIGNATURE_END,SERVICE_SIGN_START,SERVICE_SIGN_END,SUBSCRIBE_ACK_SEND,SUBSCRIBE_ACK_RECEIVE,TLSA_SERVICE_REQUEST_SEND,TLSA_SERVICE_REQUEST_RECEIVE,TLSA_SERVICE_RESPONSE_SEND,TLSA_SERVICE_RESPONSE_RECEIVE,VERIFY_SERVICE_SIGNATURE_START,VERIFY_SERVICE_SIGNATURE_END
167772162,0,1707518014602210215,1707518014603645137,0,0,1707518014663666675,0,0,1707518014683954957,1707518014605299829,0,0,1707518014607218138,1707518014607241294,1707518014683975751,1707518014687880549,1707518014691630190,1707518014691640139,1707518014718353616,1707518014718372008,0,0,1707518014718744593,1707518014718776008,0,0,1707518014719703172,1707518014720268078,1707518014720610684,1707518014721507557,1707518014723923093,1707518014723924568,1707518014726103254,1707518014607245064,0,0,1707518014612605521,1707518014614028386,1707518014726350578
167772163,0,1707518014598699103,1707518014599986562,0,0,1707518014691434950,0,0,1707518014732079555,1707518014603857899,0,0,1707518014607017915,1707518014607043110,1707518014732090789,1707518014735209893,1707518014736222755,1707518014736227341,1707518014739326537,1707518014739334114,0,0,1707518014739408710,1707518014739420247,0,0,1707518014739546501,1707518014739635667,1707518014739799407,1707518014740171093,1707518014741090349,1707518014741092083,1707518014742700162,1707518014607047843,0,0,1707518014610736990,1707518014612133652,1707518014742951029
167772164,0,1707518014598699060,1707518014599970475,0,0,1707518014663916565,0,0,1707518014684794688,1707518014602510886,0,0,1707518014606721880,1707518014606755543,1707518014684816751,1707518014688231594,1707518014691572541,1707518014691584169,1707518014715136754,1707518014715148992,0,0,1707518014715239551,1707518014715252090,0,0,1707518014715462374,1707518014715539046,1707518014715811091,1707518014718414672,1707518014721448794,1707518014721450143,1707518014724661997,1707518014606761185,0,0,1707518014609452716,1707518014611078990,1707518014724844318
167772165,0,1707518014598716246,1707518014599986692,0,0,1707518014659958351,0,0,1707518014669900508,1707518014603788403,0,0,1707518014606446001,1707518014606496568,1707518014669919300,1707518014673164088,1707518014675661384,1707518014675670998,1707518014709794849,1707518014709821364,0,0,1707518014710158539,1707518014710185524,0,0,1707518014712285314,1707518014712406207,1707518014712714508,1707518014712846480,1707518014715092812,1707518014715094343,1707518014721349487,1707518014606503887,0,0,1707518014609786175,1707518014611131216,1707518014721701475
167772166,0,1707518014598699330,1707518014599970104,0,0,1707518014645640894,0,0,1707518014653090729,1707518014602587689,0,0,1707518014608005645,1707518014608035030,1707518014653110834,1707518014661223518,1707518014663645001,1707518014663653912,1707518014676854459,1707518014676873808,0,0,1707518014678912146,1707518014678927196,0,0,1707518014679355763,1707518014679988933,1707518014680322033,1707518014681183543,1707518014683783739,1707518014683786596,1707518014688719915,1707518014608038369,0,0,1707518014611219861,1707518014612480442,1707518014689599778
167772167,0,1707518014598701204,1707518014599967088,0,0,1707518014694336296,0,0,1707518014735099354,1707518014602609456,0,0,1707518014607826013,1707518014607863678,1707518014735112758,1707518014738237918,1707518014739054421,1707518014739060405,1707518014742856937,1707518014742866108,0,0,1707518014742973773,1707518014742985357,0,0,1707518014743145010,1707518014743249285,1707518014743391900,1707518014743710442,1707518014744610176,1707518014744611160,1707518014748010028,1707518014607869141,0,0,1707518014611485218,1707518014612807195,1707518014748446935
167772168,0,1707518014605254648,1707518014607085854,0,0,1707518014654315082,0,0,1707518014659670184,1707518014607521558,0,0,1707518014609023845,1707518014609063847,1707518014659704154,1707518014662964935,1707518014665339993,1707518014665352997,1707518014685035399,1707518014685052595,0,0,1707518014685198334,1707518014685214344,0,0,1707518014685769115,1707518014686058303,1707518014686461937,1707518014689477668,1707518014692320247,1707518014692323746,1707518014704539528,1707518014609068945,0,0,1707518014609834518,1707518014611493741,1707518014704835028
167772169,0,1707518014599955169,1707518014601648991,0,0,1707518014646845536,0,0,1707518014653307527,1707518014607022699,0,0,1707518014607199146,1707518014607214027,1707518014653331492,1707518014656521029,1707518014659006214,1707518014659016890,1707518014660173797,1707518014660200309,0,0,1707518014661093773,1707518014661111268,0,0,1707518014664556449,1707518014664776068,1707518014665119851,1707518014665369630,1707518014668202891,1707518014668205346,1707518014676940754,1707518014607217083,0,0,1707518014610097489,1707518014611247166,1707518014677327966
167772170,0,1707518014602302199,1707518014603643497,0,0,1707518014688848498,0,0,1707518014729708008,1707518014607872692,0,0,1707518014610453637,1707518014610473217,1707518014729719418,1707518014732863201,1707518014734084695,1707518014734090345,1707518014737596381,1707518014737608016,0,0,1707518014737737773,1707518014737751495,0,0,1707518014737942341,1707518014738039453,1707518014738184682,1707518014738517204,1707518014739297886,1707518014739298685,1707518014741988824,1707518014610476503,0,0,1707518014617753924,1707518014619819631,1707518014742314762
167772171,0,1707518014602752253,1707518014603959786,0,0,1707518014699751056,0,0,1707518014742757384,1707518014607913177,0,0,1707518014610630398,1707518014610653544,1707518014742770090,1707518014745888836,1707518014747063310,1707518014747071031,1707518014751518745,1707518014751530533,0,0,1707518014751695613,1707518014751706208,0,0,1707518014751862014,1707518014751972542,1707518014752212647,1707518014752487604,1707518014753398481,1707518014753399315,1707518014754302065,1707518014610657304,0,0,1707518014619271681,1707518014620685208,1707518014754506369
167772172,0,1707518014602872719,1707518014604024147,0,0,1707518014645480781,0,0,1707518014653025001,1707518014605112587,0,0,1707518014608210268,1707518014608231116,1707518014653047856,1707518014656701589,1707518014658995455,1707518014659005595,1707518014689426253,1707518014689444157,0,0,1707518014691701815,1707518014691721588,0,0,1707518014692673403,1707518014692971407,1707518014696626726,1707518014696740030,1707518014699525269,1707518014699527235,1707518014709277851,1707518014608235030,0,0,1707518014613477592,1707518014614875602,1707518014709640721
167772173,0,1707518014603047146,1707518014604569784,0,0,1707518014660103462,0,0,1707518014681389815,1707518014605870080,0,0,1707518014610292324,1707518014610311563,1707518014681414026,1707518014686261954,1707518014688009862,1707518014688021811,1707518014712870494,1707518014712885560,0,0,1707518014714226759,1707518014714245767,0,0,1707518014714456199,1707518014714601572,1707518014714917537,1707518014715139323,1707518014718265866,1707518014718268589,1707518014722578962,1707518014610314996,0,0,1707518014611467510,1707518014612791570,1707518014723421280
167772174,0,1707518014602349272,1707518014605532964,0,0,1707518014633577976,0,0,1707518014636392292,1707518014606598745,0,0,1707518014609810205,1707518014609845126,1707518014636407390,1707518014639635112,1707518014640928255,1707518014640948780,1707518014641193187,1707518014641217607,0,0,1707518014643336647,1707518014643356802,0,0,1707518014645413090,1707518014646746334,1707518014647157501,1707518014647263967,1707518014650149152,1707518014650151731,1707518014652103415,1707518014609849258,0,0,1707518014614995901,1707518014616361611,1707518014652460388
167772175,0,1707518014612153187,1707518014613332270,0,0,1707518014625879840,0,0,1707518014627072479,1707518014614205407,0,0,1707518014616841484,1707518014616862048,1707518014627100646,1707518014630601690,1707518014632526637,1707518014632539794,1707518014632772017,1707518014632806212,0,0,1707518014633485515,1707518014633502994,0,0,1707518014634004535,1707518014635427650,1707518014635914598,1707518014635971640,1707518014638331359,1707518014638334278,1707518014638495603,1707518014616865803,0,0,1707518014625061426,1707518014626423416,1707518014638884463
167772176,0,1707518014606872813,1707518014608100689,0,0,1707518014676979546,0,0,1707518014715927800,1707518014609855775,0,0,1707518014613357606,1707518014613396791,1707518014715943700,1707518014719270263,1707518014721694439,1707518014721701442,1707518014728616604,1707518014728622190,0,0,1707518014728722155,1707518014728732674,0,0,1707518014728862729,1707518014729404779,1707518014729584244,1707518014729683776,1707518014731449753,1707518014731451457,1707518014733495117,1707518014613400913,0,0,1707518014620830152,1707518014622174780,1707518014733725580
167772177,0,1707518014606751544,1707518014608100782,0,0,1707518014695663630,0,0,1707518014737486967,1707518014610438166,0,0,1707518014616664636,1707518014616697366,1707518014737503697,1707518014740628127,1707518014741538192,1707518014741541227,1707518014744650677,1707518014744803254,0,0,1707518014745068517,1707518014745086151,0,0,1707518014745692614,1707518014746013362,1707518014746374327,1707518014746531599,1707518014748804622,1707518014748806293,1707518014750341522,1707518014616701127,0,0,1707518014623407640,1707518014625244506,1707518014750588308
167772178,0,1707518014610284406,1707518014611415353,0,0,1707518014643853041,0,0,1707518014652711128,1707518014613953332,0,0,1707518014616679113,1707518014616697473,1707518014652736561,1707518014656061791,1707518014657508320,1707518014657513807,1707518014669818627,1707518014669835910,0,0,1707518014674617385,1707518014674636400,0,0,1707518014675762130,1707518014675950901,1707518014676304941,1707518014676411135,1707518014679565858,1707518014679568146,1707518014684260902,1707518014616700935,0,0,1707518014617651179,1707518014619145902,1707518014685818543
167772179,0,1707518014613047922,1707518014614074187,0,0,1707518014706934347,0,0,1707518014749686536,1707518014614944953,0,0,1707518014623123639,1707518014623162508,1707518014749699270,1707518014752806944,1707518014753736207,1707518014753740745,1707518014757303426,1707518014757317725,0,0,1707518014757459664,1707518014757478082,0,0,1707518014757697735,1707518014757866103,1707518014758078501,1707518014758413024,1707518014759343129,1707518014759344132,1707518014760227134,1707518014623169214,0,0,1707518014625742903,1707518014627629728,1707518014760514939
167772180,0,1707518014614577389,1707518014615596761,0,0,1707518014642096761,0,0,1707518014652349666,1707518014616548279,0,0,1707518014617812344,1707518014617852486,1707518014652367051,1707518014656965961,1707518014659235183,1707518014659247602,1707518014665847043,1707518014665865272,0,0,1707518014667584754,1707518014667604880,0,0,1707518014668960866,1707518014669189879,1707518014669576027,1707518014669749659,1707518014672078834,1707518014672081271,1707518014680472811,1707518014617856409,0,0,1707518014627198651,1707518014628823404,1707518014680836029
167772181,0,1707518014615202117,1707518014616196665,0,0,1707518014667625165,0,0,1707518014709887709,1707518014616894148,0,0,1707518014624090601,1707518014624141030,1707518014709908063,1707518014713082117,1707518014714418377,1707518014714424793,1707518014725532436,1707518014725540976,0,0,1707518014725617911,1707518014725626251,0,0,1707518014725726724,1707518014725823013,1707518014725967896,1707518014726511144,1707518014727739215,1707518014727740162,1707518014729642300,1707518014624148413,0,0,1707518014624981590,1707518014626432113,1707518014729879881
167772182,0,1707518014614132402,1707518014615953096,0,0,1707518014701288870,0,0,1707518014744520491,1707518014618883431,0,0,1707518014623090287,1707518014623124215,1707518014744538491,1707518014747729318,1707518014749863533,1707518014749869861,1707518014754314442,1707518014754322939,0,0,1707518014754440076,1707518014754451180,0,0,1707518014754648071,1707518014754747577,1707518014755033275,1707518014755544227,1707518014757260712,1707518014757262674,1707518014759433450,1707518014623129381,0,0,1707518014626898786,1707518014628369720,1707518014759640003
167772183,0,1707518014617870986,1707518014619134843,0,0,1707518014686627090,0,0,1707518014726076201,1707518014620545894,0,0,1707518014624581846,1707518014624608146,1707518014726088229,1707518014729229348,1707518014730154998,1707518014730159024,1707518014734557128,1707518014734564060,0,0,1707518014734632774,1707518014734642011,0,0,1707518014734754758,1707518014734840699,1707518014734972071,1707518014735404188,1707518014736334037,1707518014736334690,1707518014737460116,1707518014624613267,0,0,1707518014627116225,1707518014628362519,1707518014737695417
167772184,0,1707518014617487883,1707518014619142857,0,0,1707518014632961729,0,0,1707518014636257573,1707518014620121502,0,0,1707518014625301828,1707518014625334662,1707518014636275575,1707518014639633413,1707518014642047175,1707518014642065193,1707518014647990519,1707518014648010676,0,0,1707518014649896429,1707518014649916247,0,0,1707518014650514333,1707518014650659792,1707518014650939357,1707518014651334539,1707518014655114726,1707518014655117241,1707518014659419448,1707518014625339837,0,0,1707518014627302000,1707518014628947957,1707518014659898683
167772185,0,1707518014622245803,1707518014623881423,0,0,1707518014711979590,0,0,1707518014754305063,1707518014625959404,0,0,1707518014627028486,1707518014627049333,1707518014754317882,1707518014757433648,1707518014759322746,1707518014759329815,1707518014763055731,1707518014763074559,0,0,1707518014763266305,1707518014763283045,0,0,1707518014763628892,1707518014763799787,1707518014764088221,1707518014764299847,1707518014765468034,1707518014765469966,1707518014767014254,1707518014627052553,0,0,1707518014627748224,1707518014628939305,1707518014767322667
167772186,0,1707518014621562183,1707518014622634453,0,0,1707518014643758436,0,0,1707518014652602384,1707518014623733544,0,0,1707518014624882733,1707518014624904871,1707518014652620558,1707518014660843016,1707518014663432289,1707518014663440433,1707518014681705123,1707518014681725699,0,0,1707518014681875186,1707518014681892934,0,0,1707518014682424073,1707518014682949070,1707518014683278344,1707518014684992146,1707518014689345763,1707518014689348994,1707518014703609042,1707518014624909149,0,0,1707518014627293999,1707518014628589179,1707518014704160512
167772187,0,1707518014617870884,1707518014619134959,0,0,1707518014655610176,0,0,1707518014660252859,1707518014620333159,0,0,1707518014623151844,1707518014623179601,1707518014660277595,1707518014665362946,1707518014666857290,1707518014666872071,1707518014697148017,1707518014697165159,0,0,1707518014699609452,1707518014699630613,0,0,1707518014702916630,1707518014703095743,1707518014703472559,1707518014704536878,1707518014706943949,1707518014706948509,1707518014712838043,1707518014623182671,0,0,1707518014627298744,1707518014628508202,1707518014713495191
167772188,0,1707518014622540195,1707518014623638509,0,0,1707518014688458924,0,0,1707518014728385117,1707518014625545551,0,0,1707518014628664861,1707518014628686516,1707518014728396129,1707518014731510598,1707518014732719436,1707518014732725385,1707518014736517214,1707518014736528381,0,0,1707518014736827960,1707518014736843034,0,0,1707518014737101361,1707518014737200691,1707518014737363532,1707518014737596037,1707518014738477213,1707518014738477860,1707518014739925913,1707518014628690446,0,0,1707518014629499139,1707518014630932509,1707518014740235810
167772189,0,1707518014620589995,1707518014624101590,0,0,1707518014665712749,0,0,1707518014696947836,1707518014625613861,0,0,1707518014626813505,1707518014626834648,1707518014696966782,1707518014700142973,1707518014702838866,1707518014702857750,1707518014723967927,1707518014723980371,0,0,1707518014724077449,1707518014724087852,0,0,1707518014724196521,1707518014724294387,1707518014724469028,1707518014725556754,1707518014726469360,1707518014726470455,1707518014728381407,1707518014626837456,0,0,1707518014627721406,1707518014628944575,1707518014728667426
167772190,0,1707518014622131282,1707518014623386126,0,0,1707518014706045290,0,0,1707518014748487832,1707518014624372107,0,0,1707518014627640204,1707518014627657869,1707518014748507341,1707518014751698757,1707518014753920673,1707518014753926919,1707518014758387470,1707518014758401470,0,0,1707518014758521617,1707518014758538678,0,0,1707518014758795007,1707518014758947026,1707518014759267943,1707518014759408156,1707518014760483777,1707518014760485519,1707518014763164275,1707518014627661397,0,0,1707518014628054363,1707518014629417070,1707518014763438019
167772191,0,1707518014628466445,1707518014629635917,0,0,1707518014651274327,0,0,1707518014653236066,1707518014630082087,0,0,1707518014630760615,1707518014630780253,1707518014653256331,1707518014665116667,1707518014667395665,1707518014667402579,1707518014704741467,1707518014704757524,0,0,1707518014705001557,1707518014705016699,0,0,1707518014707834436,1707518014708193947,1707518014709086644,1707518014709246490,1707518014712393117,1707518014712395263,1707518014715062663,1707518014630783672,0,0,1707518014631115692,1707518014632442902,1707518014715332527
167772192,0,1707518014622070322,1707518014623095513,0,0,1707518014700764822,0,0,1707518014743534886,1707518014629147910,0,0,1707518014629414630,1707518014629428821,1707518014743552193,1707518014746717075,1707518014748255272,1707518014748263587,1707518014752487789,1707518014752496994,0,0,1707518014752564111,1707518014752575577,0,0,1707518014752815552,1707518014753107308,1707518014753418483,1707518014753493762,1707518014754294551,1707518014754295275,1707518014756964815,1707518014629431727,0,0,1707518014630207063,1707518014631223519,1707518014757312634
167772193,0,1707518014622336542,1707518014623138255,0,0,1707518014712779585,0,0,1707518014756987801,1707518014627184873,0,0,1707518014629347907,1707518014629375937,1707518014757004699,1707518014760198893,1707518014762510522,1707518014762519896,1707518014765554121,1707518014765568038,0,0,1707518014765699350,1707518014765715473,0,0,1707518014765884651,1707518014765996862,1707518014766174121,1707518014766466280,1707518014767239702,1707518014767240536,1707518014768746003,1707518014629379374,0,0,1707518014629926353,1707518014631604615,1707518014769085941
167772194,0,1707518014622064026,1707518014622944714,0,0,1707518014719827685,0,0,1707518014764248241,1707518014629076265,0,0,1707518014629348959,1707518014629370479,1707518014764263711,1707518014767387226,1707518014769593196,1707518014769598774,1707518014774343574,1707518014774360802,0,0,1707518014774442157,1707518014774453238,0,0,1707518014774638500,1707518014774737131,1707518014774991852,1707518014775202039,1707518014777242905,1707518014777244771,1707518014779749402,1707518014629372447,0,0,1707518014629966391,1707518014631295114,1707518014780101431
167772195,0,1707518014628466426,1707518014629614159,0,0,1707518014729296835,0,0,1707518014768766919,1707518014630083618,0,0,1707518014630760831,1707518014630779650,1707518014768784130,1707518014772040421,1707518014772866734,1707518014772868676,1707518014780194148,1707518014780208664,0,0,1707518014780338059,1707518014780352379,0,0,1707518014780588109,1707518014780745538,1707518014780924753,1707518014781411568,1707518014782189883,1707518014782190455,1707518014783817470,1707518014630784058,0,0,1707518014631136365,1707518014632449144,1707518014784000147
167772196,0,1707518014633779506,1707518014634959948,0,0,1707518014665637825,0,0,1707518014687963168,1707518014635466519,0,0,1707518014636204411,1707518014636221301,1707518014687984456,1707518014697609319,1707518014699940314,1707518014699950788,1707518014721494283,1707518014721511872,0,0,1707518014721690381,1707518014721704552,0,0,1707518014721904329,1707518014722107778,1707518014722395371,1707518014723978483,1707518014725497857,1707518014725498801,1707518014727218906,1707518014636224220,0,0,1707518014636419401,1707518014637644912,1707518014727510094
167772197,0,1707518014630831852,1707518014632163547,0,0,1707518014698953350,0,0,1707518014741996788,1707518014633175672,0,0,1707518014634229431,1707518014634249237,1707518014742017161,1707518014747490824,1707518014748875072,1707518014748879824,1707518014753519755,1707518014753531958,0,0,1707518014753637363,1707518014753649605,0,0,1707518014753809133,1707518014753913665,1707518014754176751,1707518014754317480,1707518014755471772,1707518014755473691,1707518014758201468,1707518014634253376,0,0,1707518014634660015,1707518014635971492,1707518014758461290
167772198,0,1707518014630623237,1707518014631762449,0,0,1707518014718506342,0,0,1707518014764214651,1707518014632327648,0,0,1707518014632778184,1707518014632800331,1707518014764233632,1707518014767393161,1707518014768615186,1707518014768619484,1707518014770195646,1707518014770208561,0,0,1707518014770308090,1707518014770320469,0,0,1707518014770465798,1707518014770558804,1707518014770727899,1707518014772282397,1707518014774299624,1707518014774300934,1707518014775963118,1707518014632804233,0,0,1707518014633081310,1707518014634791226,1707518014776261377
167772199,0,1707518014636512607,1707518014637423572,0,0,1707518014672857670,0,0,1707518014712852304,1707518014639760258,0,0,1707518014643106408,1707518014643130351,1707518014712866005,1707518014716016708,1707518014718445621,1707518014718455190,1707518014726507562,1707518014726519575,0,0,1707518014726684700,1707518014726698036,0,0,1707518014726857436,1707518014726972336,1707518014727119243,1707518014727800960,1707518014728593965,1707518014728594651,1707518014730485117,1707518014643133482,0,0,1707518014645616294,1707518014649688879,1707518014730743352
167772200,0,1707518014637804807,1707518014638774157,0,0,1707518014722974932,0,0,1707518014766270943,1707518014651790060,0,0,1707518014653717692,1707518014653744288,1707518014766281146,1707518014769401971,1707518014770236077,1707518014770238418,1707518014775197966,1707518014775205991,0,0,1707518014775340810,1707518014775353346,0,0,1707518014775593178,1707518014775718872,1707518014775866738,1707518014777542117,1707518014778413093,1707518014778414511,1707518014781051823,1707518014653748025,0,0,1707518014654464181,1707518014655739493,1707518014781365578
167772201,0,1707518014636432381,1707518014640399240,0,0,1707518014685774623,0,0,1707518014722657955,1707518014644041500,0,0,1707518014651184604,1707518014651207696,1707518014722679790,1707518014725838194,1707518014727176897,1707518014727181467,1707518014732812878,1707518014732821645,0,0,1707518014732962496,1707518014732973476,0,0,1707518014733114055,1707518014733230801,1707518014733379392,1707518014733688059,1707518014734540154,1707518014734540867,1707518014736461090,1707518014651211266,0,0,1707518014651940236,1707518014653534697,1707518014736732623
167772202,0,1707518014637791521,1707518014639363337,0,0,1707518014724890351,0,0,1707518014767000584,1707518014640360107,0,0,1707518014643916495,1707518014643934909,1707518014767010675,1707518014770087022,1707518014770911023,1707518014770913346,1707518014777481996,1707518014777499032,0,0,1707518014777672453,1707518014777685430,0,0,1707518014777870616,1707518014777988186,1707518014778252559,1707518014778629366,1707518014780144706,1707518014780146539,1707518014781822910,1707518014643937916,0,0,1707518014645397312,1707518014646980446,1707518014782023864
167772203,0,1707518014637636178,1707518014639044059,0,0,1707518014667553271,0,0,1707518014712838569,1707518014648063827,0,0,1707518014654287832,1707518014654307796,1707518014712855343,1707518014716087726,1707518014718604347,1707518014718616109,1707518014727761598,1707518014727768447,0,0,1707518014727851853,1707518014727862838,0,0,1707518014727995249,1707518014728078758,1707518014728211184,1707518014728628023,1707518014729395373,1707518014729395931,1707518014730358235,1707518014654311297,0,0,1707518014658481953,1707518014660144637,1707518014730603401
167772204,0,1707518014637854758,1707518014638774270,0,0,1707518014735162542,0,0,1707518014770817502,1707518014639798805,0,0,1707518014643227694,1707518014643242349,1707518014770831628,1707518014774003119,1707518014774881595,1707518014774883598,1707518014782223116,1707518014782230310,0,0,1707518014782319892,1707518014782330183,0,0,1707518014782437172,1707518014782529702,1707518014782691791,1707518014783217796,1707518014784018022,1707518014784018779,1707518014785558823,1707518014643245162,0,0,1707518014644100642,1707518014646040658,1707518014785735644
167772205,0,1707518014638968562,1707518014639947111,0,0,1707518014711291519,0,0,1707518014753531299,1707518014641064756,0,0,1707518014642681802,1707518014642710913,1707518014753546354,1707518014756921539,1707518014757914530,1707518014757921130,1707518014761895220,1707518014761910677,0,0,1707518014762091259,1707518014762107148,0,0,1707518014762390470,1707518014762567183,1707518014762877937,1707518014763003752,1707518014764269088,1707518014764270042,1707518014766257006,1707518014642719420,0,0,1707518014643138718,1707518014644662545,1707518014766561571
167772206,0,1707518014640158425,1707518014641426953,0,0,1707518014709979474,0,0,1707518014752356112,1707518014642457596,0,0,1707518014645307691,1707518014645332809,1707518014752373039,1707518014755516096,1707518014756746803,1707518014756755060,1707518014760531657,1707518014760543186,0,0,1707518014760926110,1707518014760943544,0,0,1707518014761268495,1707518014761477133,1707518014761745652,1707518014761838249,1707518014762873629,1707518014762875057,1707518014764231726,1707518014645336107,0,0,1707518014649413707,1707518014650678994,1707518014764595584
167772207,0,1707518014649942668,1707518014652743071,0,0,1707518014750242138,0,0,1707518014783802829,1707518014660286045,0,0,1707518014667119414,1707518014667134705,1707518014783815490,1707518014786901178,1707518014788354021,1707518014788358799,1707518014790897798,1707518014790912555,0,0,1707518014791020211,1707518014791033315,0,0,1707518014791290701,1707518014791407799,1707518014791715842,1707518014791795048,1707518014792575576,1707518014792576109,1707518014795487648,1707518014667137348,0,0,1707518014669314673,1707518014670655251,1707518014795670759
167772208,0,1707518014645512326,1707518014646617973,0,0,1707518014692419206,0,0,1707518014732054052,1707518014654276953,0,0,1707518014658578932,1707518014658596623,1707518014732064707,1707518014735181745,1707518014736127289,1707518014736131428,1707518014738503176,1707518014738518131,0,0,1707518014738672527,1707518014738684159,0,0,1707518014738815799,1707518014738898322,1707518014739045036,1707518014739325838,1707518014740137865,1707518014740138515,1707518014742667375,1707518014658599271,0,0,1707518014665614996,1707518014666930512,1707518014742999897
167772209,0,1707518014646002556,1707518014647756459,0,0,1707518014744299494,0,0,1707518014778450506,1707518014648596057,0,0,1707518014648926100,1707518014648945398,1707518014778470598,1707518014781639348,1707518014782452209,1707518014782453659,1707518014785692996,1707518014785698978,0,0,1707518014785774989,1707518014785786083,0,0,1707518014785931550,1707518014786017532,1707518014786182644,1707518014787003817,1707518014787915674,1707518014787916395,1707518014789478066,1707518014648949263,0,0,1707518014649173426,1707518014650441796,1707518014789657826
167772210,0,1707518014644442721,1707518014645967569,0,0,1707518014686087433,0,0,1707518014724665279,1707518014648782754,0,0,1707518014648924762,1707518014648945466,1707518014724676222,1707518014727769649,1707518014728996466,1707518014729000440,1707518014733681445,1707518014733689784,0,0,1707518014733777072,1707518014733788170,0,0,1707518014733921269,1707518014734011569,1707518014734152992,1707518014734562361,1707518014735356263,1707518014735357217,1707518014737498512,1707518014648949600,0,0,1707518014649190062,1707518014650440975,1707518014737744772
167772211,0,1707518014644578213,1707518014645775451,0,0,1707518014730159127,0,0,1707518014769954879,1707518014646712144,0,0,1707518014649290379,1707518014649308808,1707518014769968963,1707518014773120446,1707518014773951867,1707518014773954654,1707518014781242651,1707518014781251771,0,0,1707518014781330009,1707518014781342887,0,0,1707518014781507763,1707518014781586017,1707518014781738708,1707518014782260438,1707518014783151052,1707518014783151878,1707518014784608315,1707518014649312266,0,0,1707518014650374615,1707518014652002125,1707518014784834837
167772212,0,1707518014643072261,1707518014644212264,0,0,1707518014698008424,0,0,1707518014739893105,1707518014644888938,0,0,1707518014646178292,1707518014646199588,1707518014739907298,1707518014743078278,1707518014745399149,1707518014745406217,1707518014749698067,1707518014749707548,0,0,1707518014749857579,1707518014749869661,0,0,1707518014750000465,1707518014750092066,1707518014750239037,1707518014751554732,1707518014752462038,1707518014752462809,1707518014754295707,1707518014646202894,0,0,1707518014648758335,1707518014650101933,1707518014754627630
167772213,0,1707518014645512311,1707518014648072697,0,0,1707518014711526941,0,0,1707518014755192979,1707518014654145431,0,0,1707518014657570576,1707518014657590901,1707518014755210510,1707518014758962353,1707518014761278809,1707518014761287407,1707518014764296889,1707518014764306968,0,0,1707518014764410192,1707518014764424838,0,0,1707518014764759177,1707518014764915131,1707518014765245221,1707518014765556887,1707518014766436245,1707518014766437220,1707518014767763837,1707518014657593512,0,0,1707518014662981189,1707518014667331730,1707518014768112134
167772214,0,1707518014645512401,1707518014646614683,0,0,1707518014687120181,0,0,1707518014727255355,1707518014653235276,0,0,1707518014658685508,1707518014658700055,1707518014727265410,1707518014730355232,1707518014731652766,1707518014731656859,1707518014735387267,1707518014735395511,0,0,1707518014735654048,1707518014735666805,0,0,1707518014736105312,1707518014736216742,1707518014736380231,1707518014736496448,1707518014737433318,1707518014737434330,1707518014738313896,1707518014658702574,0,0,1707518014667354195,1707518014669101879,1707518014738565152
167772215,0,1707518014650679592,1707518014652525981,0,0,1707518014712902016,0,0,1707518014758492654,1707518014653003833,0,0,1707518014653883111,1707518014653898848,1707518014758511237,1707518014761939025,1707518014764194482,1707518014764202258,1707518014767261758,1707518014767268414,0,0,1707518014767325713,1707518014767335893,0,0,1707518014767471174,1707518014767570470,1707518014767701405,1707518014768208755,1707518014769346015,1707518014769347088,1707518014770828080,1707518014653901059,0,0,1707518014656231449,1707518014657464078,1707518014771130768
167772216,0,1707518014651524870,1707518014652750655,0,0,1707518014694377041,0,0,1707518014736533388,1707518014656404144,0,0,1707518014660470594,1707518014660486723,1707518014736547552,1707518014739711848,1707518014741094676,1707518014741101552,1707518014743712507,1707518014743722276,0,0,1707518014743807267,1707518014743820833,0,0,1707518014743976285,1707518014744075606,1707518014744312953,1707518014744660507,1707518014745842304,1707518014745843892,1707518014748102381,1707518014660489730,0,0,1707518014664305392,1707518014665720944,1707518014748450205
167772217,0,1707518014654312645,1707518014655504938,0,0,1707518014756041599,0,0,1707518014788533587,1707518014656189045,0,0,1707518014658362205,1707518014658385223,1707518014788545397,1707518014791668231,1707518014793785068,1707518014793788623,1707518014798766302,1707518014798776706,0,0,1707518014798856568,1707518014798866304,0,0,1707518014799000597,1707518014799080989,1707518014799314517,1707518014800864959,1707518014802874893,1707518014802876517,1707518014804468592,1707518014658389348,0,0,1707518014665849762,1707518014666976589,1707518014804680982
167772218,0,1707518014656531003,1707518014657546372,0,0,1707518014725932371,0,0,1707518014767780542,1707518014659492732,0,0,1707518014668164498,1707518014668183906,1707518014767791921,1707518014770884775,1707518014772623385,1707518014772630229,1707518014778921490,1707518014778933083,0,0,1707518014779032751,1707518014779043938,0,0,1707518014779164737,1707518014779297624,1707518014779546602,1707518014780207727,1707518014781207024,1707518014781208018,1707518014782807372,1707518014668187304,0,0,1707518014673984628,1707518014675391272,1707518014783120697
167772219,0,1707518014657420670,1707518014658401378,0,0,1707518014715822443,0,0,1707518014759412102,1707518014659332048,0,0,1707518014660358615,1707518014660379876,1707518014759424695,1707518014762534866,1707518014763944403,1707518014763947663,1707518014766467175,1707518014766474401,0,0,1707518014766555574,1707518014766565658,0,0,1707518014766678080,1707518014766760200,1707518014766905075,1707518014767262993,1707518014768172328,1707518014768173139,1707518014769942192,1707518014660383402,0,0,1707518014661295552,1707518014662624803,1707518014770121687
167772220,0,1707518014662581945,1707518014663855470,0,0,1707518014747379711,0,0,1707518014782761404,1707518014666446922,0,0,1707518014668219409,1707518014668233720,1707518014782776846,1707518014785866276,1707518014787206416,1707518014787208268,1707518014789866195,1707518014789876016,0,0,1707518014789981687,1707518014789995506,0,0,1707518014790311776,1707518014790430941,1707518014790748458,1707518014790890677,1707518014791725271,1707518014791725893,1707518014792611203,1707518014668236494,0,0,1707518014670880985,1707518014672844745,1707518014792793669
167772221,0,1707518014656072030,1707518014657494708,0,0,1707518014744900160,0,0,1707518014779772454,1707518014659098628,0,0,1707518014668285285,1707518014668301015,1707518014779790053,1707518014782968471,1707518014785056137,1707518014785060104,1707518014787006344,1707518014787016275,0,0,1707518014787087057,1707518014787096908,0,0,1707518014787226989,1707518014787304448,1707518014787443509,1707518014787946086,1707518014788869600,1707518014788871244,1707518014790901728,1707518014668304295,0,0,1707518014675484782,1707518014676682636,1707518014791117661
167772222,0,1707518014658183808,1707518014660060296,0,0,1707518014717521417,0,0,1707518014761867110,1707518014663976795,0,0,1707518014667939889,1707518014667961043,1707518014761889885,1707518014765496056,1707518014766503512,1707518014766507890,1707518014769378304,1707518014769392647,0,0,1707518014769496351,1707518014769509125,0,0,1707518014769619704,1707518014769707514,1707518014769856166,1707518014770207396,1707518014772229652,1707518014772231168,1707518014775116532,1707518014667965094,0,0,1707518014675010301,1707518014676378454,1707518014775439077
167772223,0,1707518014661066163,1707518014662311389,0,0,1707518014682014819,0,0,1707518014715928389,1707518014662860596,0,0,1707518014665024554,1707518014665047871,1707518014715944438,1707518014721249081,1707518014722091045,1707518014722093840,1707518014729716691,1707518014729725273,0,0,1707518014729807668,1707518014729819165,0,0,1707518014730012116,1707518014730095950,1707518014730239518,1707518014731501730,1707518014732786033,1707518014732787247,1707518014734228645,1707518014665051179,0,0,1707518014667386242,1707518014668619123,1707518014734405568
167772224,0,1707518014656532711,1707518014657937820,0,0,1707518014693400647,0,0,1707518014733449703,1707518014658938689,0,0,1707518014666556954,1707518014666579214,1707518014733458849,1707518014736934696,1707518014737916728,1707518014737920565,1707518014740161898,1707518014740173510,0,0,1707518014740251751,1707518014740260584,0,0,1707518014741531355,1707518014741677342,1707518014741861086,1707518014741949007,1707518014742747952,1707518014742749650,1707518014744482056,1707518014666583167,0,0,1707518014669110318,1707518014670565330,1707518014744874880
167772225,0,1707518014664272029,1707518014665747235,0,0,1707518014707195358,0,0,1707518014750341777,1707518014669915214,0,0,1707518014673655903,1707518014673673835,1707518014750351583,1707518014753440759,1707518014754964830,1707518014754969700,1707518014759409235,1707518014759422257,0,0,1707518014759520873,1707518014759538430,0,0,1707518014759714991,1707518014759853000,1707518014760089590,1707518014760720967,1707518014761768104,1707518014761769449,1707518014763624632,1707518014673677063,0,0,1707518014675689665,1707518014676964942,1707518014763974309
167772226,0,1707518014662581982,1707518014665062279,0,0,1707518014762664110,0,0,1707518014803744897,1707518014665885888,0,0,1707518014668354749,1707518014668382039,1707518014803758842,1707518014806906524,1707518014807718523,1707518014807720154,1707518014812398961,1707518014812407076,0,0,1707518014812492916,1707518014812504920,0,0,1707518014812651202,1707518014812760637,1707518014812906850,1707518014813225764,1707518014813992124,1707518014813992691,1707518014815904262,1707518014668386122,0,0,1707518014675215501,1707518014676474155,1707518014816081795
167772227,0,1707518014664153150,1707518014669786027,0,0,1707518014764262497,0,0,1707518014804444532,1707518014671805743,0,0,1707518014673213791,1707518014673244063,1707518014804457319,1707518014807585844,1707518014809710775,1707518014809715367,1707518014813226263,1707518014813233575,0,0,1707518014813313730,1707518014813324689,0,0,1707518014813463346,1707518014813565987,1707518014813710700,1707518014814011912,1707518014814913824,1707518014814914981,1707518014816515528,1707518014673248018,0,0,1707518014675351413,1707518014676606404,1707518014816684728
167772228,0,1707518014665434271,1707518014667963750,0,0,1707518014754513362,0,0,1707518014785573614,1707518014670534528,0,0,1707518014673746064,1707518014673762275,1707518014785585439,1707518014788666531,1707518014790842250,1707518014790847897,1707518014794655539,1707518014794666322,0,0,1707518014794810958,1707518014794822887,0,0,1707518014795007023,1707518014795097227,1707518014795348612,1707518014796720784,1707518014798736255,1707518014798737297,1707518014802132823,1707518014673765482,0,0,1707518014676787903,1707518014678183451,1707518014802427715
167772229,0,1707518014663946786,1707518014666037788,0,0,1707518014764676808,0,0,1707518014805290229,1707518014668983136,0,0,1707518014673551308,1707518014673575873,1707518014805302903,1707518014808389245,1707518014810767191,1707518014810772884,1707518014814946877,1707518014814954530,0,0,1707518014815207600,1707518014815218898,0,0,1707518014815523554,1707518014815661931,1707518014815822872,1707518014815866501,1707518014816671021,1707518014816671650,1707518014818009592,1707518014673579728,0,0,1707518014675881278,1707518014677109878,1707518014818304053
167772230,0,1707518014670715371,1707518014672473224,0,0,1707518014697026455,0,0,1707518014738292929,1707518014672902997,0,0,1707518014673368330,1707518014673452777,1707518014738305078,1707518014741491237,1707518014743559981,1707518014743564883,1707518014746807578,1707518014746826982,0,0,1707518014746976178,1707518014746996666,0,0,1707518014747361136,1707518014747587545,1707518014747771109,1707518014748860483,1707518014749659640,1707518014749660623,1707518014752362193,1707518014673456514,0,0,1707518014677368225,1707518014678811920,1707518014752599971
167772231,0,1707518014669812714,1707518014671191832,0,0,1707518014702703120,0,0,1707518014746565053,1707518014671939147,0,0,1707518014673863803,1707518014673876812,1707518014746592332,1707518014749821725,1707518014750704271,1707518014750706952,1707518014755530660,1707518014755558074,0,0,1707518014755720436,1707518014755737820,0,0,1707518014756291528,1707518014756495373,1707518014756824055,1707518014757306596,1707518014758339859,1707518014758341745,1707518014760339254,1707518014673880396,0,0,1707518014678568736,1707518014679860092,1707518014760689585
167772232,0,1707518014673202490,1707518014674573423,0,0,1707518014757928628,0,0,1707518014791824370,1707518014675177561,0,0,1707518014675829106,1707518014675846110,1707518014791846331,1707518014794968528,1707518014797002617,1707518014797005453,1707518014804710836,1707518014804717499,0,0,1707518014804792984,1707518014804803525,0,0,1707518014804933895,1707518014805033742,1707518014805176390,1707518014805506622,1707518014807475118,1707518014807476222,1707518014808980890,1707518014675849774,0,0,1707518014679086558,1707518014680534081,1707518014809320918
167772233,0,1707518014671181847,1707518014673137133,0,0,1707518014684887396,0,0,1707518014721392762,1707518014674142859,0,0,1707518014675336391,1707518014675359290,1707518014721411840,1707518014724678664,1707518014725666806,1707518014725670726,1707518014731495486,1707518014731507904,0,0,1707518014731627759,1707518014731638745,0,0,1707518014731738982,1707518014731831432,1707518014731977081,1707518014732839634,1707518014733656081,1707518014733656925,1707518014735086365,1707518014675363127,0,0,1707518014676835845,1707518014678474879,1707518014735394711
167772234,0,1707518014676209473,1707518014677138942,0,0,1707518014776567253,0,0,1707518014811464327,1707518014678075441,0,0,1707518014679122757,1707518014679139396,1707518014811474710,1707518014814586749,1707518014816596731,1707518014816599764,1707518014818566654,1707518014818573960,0,0,1707518014818696853,1707518014818706555,0,0,1707518014818920086,1707518014818999653,1707518014819138696,1707518014819383717,1707518014820151934,1707518014820152407,1707518014821412943,1707518014679143138,0,0,1707518014679625718,1707518014680890983,1707518014821709053
167772235,0,1707518014679259570,1707518014680271454,0,0,1707518014693617948,0,0,1707518014734271832,1707518014681020409,0,0,1707518014681981845,1707518014682001679,1707518014734281741,1707518014737358933,1707518014738464968,1707518014738468290,1707518014741953805,1707518014741964514,0,0,1707518014742121985,1707518014742136452,0,0,1707518014742298280,1707518014742440526,1707518014742571457,1707518014742861103,1707518014743679059,1707518014743680057,1707518014746566623,1707518014682005267,0,0,1707518014682540930,1707518014684702889,1707518014746904641
167772236,0,1707518014675183049,1707518014676155033,0,0,1707518014716522162,0,0,1707518014760214236,1707518014687093697,0,0,1707518014692352630,1707518014692369792,1707518014760229177,1707518014763743730,1707518014764694502,1707518014764698876,1707518014768197943,1707518014768211658,0,0,1707518014768260455,1707518014768267737,0,0,1707518014768340921,1707518014768429126,1707518014768649193,1707518014769380899,1707518014770167852,1707518014770168570,1707518014773063226,1707518014692372675,0,0,1707518014696285603,1707518014697409539,1707518014773258503
167772237,0,1707518014675183128,1707518014676154995,0,0,1707518014762116408,0,0,1707518014799441969,1707518014678555047,0,0,1707518014679009531,1707518014679025419,1707518014799457750,1707518014802554237,1707518014803525846,1707518014803527537,1707518014810693457,1707518014810705244,0,0,1707518014810857895,1707518014810870393,0,0,1707518014811025336,1707518014811172973,1707518014811372202,1707518014811567415,1707518014812372811,1707518014812373523,1707518014813785401,1707518014679027541,0,0,1707518014679326411,1707518014680762101,1707518014814083651
167772238,0,1707518014684052425,1707518014685263847,0,0,1707518014697717515,0,0,1707518014739124411,1707518014693100683,0,0,1707518014695003378,1707518014695027722,1707518014739137089,1707518014742247071,1707518014744013220,1707518014744019526,1707518014748854631,1707518014748868267,0,0,1707518014748975458,1707518014748990908,0,0,1707518014749149935,1707518014749320832,1707518014749569822,1707518014749699082,1707518014751483555,1707518014751484996,1707518014753530448,1707518014695031346,0,0,1707518014700232241,1707518014702320915,1707518014753757676
167772239,0,1707518014679446565,1707518014680396382,0,0,1707518014779812796,0,0,1707518014814616805,1707518014681359533,0,0,1707518014691996774,1707518014692019553,1707518014814632373,1707518014817752398,1707518014818551958,1707518014818553231,1707518014820956309,1707518014820961943,0,0,1707518014821023842,1707518014821032671,0,0,1707518014821160656,1707518014821232715,1707518014821369580,1707518014821781425,1707518014822553916,1707518014822554401,1707518014822663066,1707518014692023376,0,0,1707518014695575048,1707518014698526187,1707518014822827056
167772240,0,1707518014704093192,1707518014705611650,0,0,1707518014755293356,0,0,1707518014786315598,1707518014706526965,0,0,1707518014708772888,1707518014708795758,1707518014786327708,1707518014789411946,1707518014790565946,1707518014790571298,1707518014792594177,1707518014792602081,0,0,1707518014792684089,1707518014792688789,0,0,1707518014792853018,1707518014792981811,1707518014793132567,1707518014794656292,1707518014796688415,1707518014796689677,1707518014799447224,1707518014708799518,0,0,1707518014710260832,1707518014711537572,1707518014799629042
167772241,0,1707518014682360049,1707518014683679782,0,0,1707518014778178931,0,0,1707518014812988480,1707518014684430572,0,0,1707518014689418188,1707518014689451362,1707518014813008149,1707518014816084315,1707518014817016490,1707518014817019011,1707518014819381435,1707518014819386926,0,0,1707518014819462756,1707518014819473147,0,0,1707518014819608557,1707518014819687464,1707518014819845817,1707518014820168058,1707518014820937434,1707518014820937929,1707518014822258519,1707518014689454469,0,0,1707518014698056257,1707518014699642733,1707518014822419579
167772242,0,1707518014683894998,1707518014685643645,0,0,1707518014757015417,0,0,1707518014789463209,1707518014688597101,0,0,1707518014689328730,1707518014689352695,1707518014789478064,1707518014792581259,1707518014793827535,1707518014793831330,1707518014800846645,1707518014800866016,0,0,1707518014801084991,1707518014801108226,0,0,1707518014801467956,1707518014801713112,1707518014802010159,1707518014802965062,1707518014803883573,1707518014803884504,1707518014805252632,1707518014689356431,0,0,1707518014690304147,1707518014691541121,1707518014805562061
167772243,0,1707518014694592862,1707518014695815632,0,0,1707518014760319122,0,0,1707518014795477835,1707518014696906211,0,0,1707518014701321801,1707518014701339687,1707518014795490403,1707518014798611139,1707518014799418602,1707518014799419887,1707518014807514498,1707518014807524275,0,0,1707518014807624515,1707518014807635178,0,0,1707518014807759734,1707518014807843045,1707518014808103202,1707518014808365878,1707518014810648714,1707518014810649807,1707518014812157611,1707518014701342994,0,0,1707518014702862985,1707518014705128545,1707518014812478725
167772244,0,1707518014693634223,1707518014696040104,0,0,1707518014745982229,0,0,1707518014781845162,1707518014701906497,0,0,1707518014708287883,1707518014708303312,1707518014781859266,1707518014784959180,1707518014787046212,1707518014787049929,1707518014788900386,1707518014788908032,0,0,1707518014788982477,1707518014788992036,0,0,1707518014789120712,1707518014789197987,1707518014789366038,1707518014789872064,1707518014790829268,1707518014790830189,1707518014791848124,1707518014708305591,0,0,1707518014710807715,1707518014713690755,1707518014792191728
167772245,0,1707518014695592656,1707518014696998859,0,0,1707518014761415899,0,0,1707518014797431186,1707518014703472602,0,0,1707518014707666418,1707518014707685566,1707518014797444932,1707518014800557302,1707518014801945673,1707518014801948125,1707518014808360291,1707518014808366389,0,0,1707518014808430619,1707518014808440247,0,0,1707518014808568060,1707518014808645550,1707518014808779351,1707518014810739689,1707518014811534749,1707518014811535646,1707518014812986496,1707518014707689184,0,0,1707518014708391935,1707518014709775500,1707518014813282823
167772246,0,1707518014701663379,1707518014702996033,0,0,1707518014740214965,0,0,1707518014775200411,1707518014703481889,0,0,1707518014703731101,1707518014703752626,1707518014775213388,1707518014778376778,1707518014779748660,1707518014779757509,1707518014784040380,1707518014784047257,0,0,1707518014784121113,1707518014784131235,0,0,1707518014784265123,1707518014784378427,1707518014784525038,1707518014784908825,1707518014785675428,1707518014785676014,1707518014787518543,1707518014703755015,0,0,1707518014704081145,1707518014705574519,1707518014787802072
167772247,0,1707518014705961763,1707518014708316424,0,0,1707518014757748822,0,0,1707518014790936159,1707518014709261004,0,0,1707518014710127014,1707518014710142116,1707518014790951428,1707518014794041683,1707518014794861600,1707518014794863345,1707518014802930690,1707518014802945813,0,0,1707518014803124975,1707518014803145663,0,0,1707518014803343163,1707518014803480877,1707518014803635268,1707518014803909256,1707518014804688741,1707518014804689320,1707518014806048088,1707518014710144638,0,0,1707518014712265808,1707518014713782554,1707518014806224140
167772248,0,1707518014685001764,1707518014686552867,0,0,1707518014779029814,0,0,1707518014813835695,1707518014689086918,0,0,1707518014689523061,1707518014689538056,1707518014813851254,1707518014816939984,1707518014817753960,1707518014817755503,1707518014820168943,1707518014820174725,0,0,1707518014820247160,1707518014820256559,0,0,1707518014820378994,1707518014820452810,1707518014820607927,1707518014820990039,1707518014821766613,1707518014821767078,1707518014822594221,1707518014689540101,0,0,1707518014689885631,1707518014691231965,1707518014822828028
167772249,0,1707518014684578449,1707518014685405047,0,0,1707518014776854119,0,0,1707518014812119007,1707518014693504182,0,0,1707518014698614847,1707518014698634923,1707518014812136454,1707518014815235960,1707518014816032607,1707518014816034236,1707518014817472596,1707518014817486918,0,0,1707518014817559063,1707518014817569010,0,0,1707518014817699557,1707518014817775102,1707518014817944292,1707518014818601539,1707518014819365160,1707518014819365702,1707518014820681451,1707518014698637694,0,0,1707518014700241371,1707518014701634251,1707518014820848567
167772250,0,1707518014690118281,1707518014691012563,0,0,1707518014762499972,0,0,1707518014802146636,1707518014693542662,0,0,1707518014696593520,1707518014696616506,1707518014802163581,1707518014805300504,1707518014806102679,1707518014806104785,1707518014811566278,1707518014811574298,0,0,1707518014811643010,1707518014811653363,0,0,1707518014811780003,1707518014811856172,1707518014812000486,1707518014812397593,1707518014813203146,1707518014813203770,1707518014814596453,1707518014696620653,0,0,1707518014700345481,1707518014702717132,1707518014814828494
167772251,0,1707518014689985681,1707518014691082177,0,0,1707518014722170060,0,0,1707518014765392013,1707518014693938249,0,0,1707518014705009489,1707518014705029566,1707518014765407714,1707518014768575008,1707518014769527406,1707518014769531751,1707518014772273677,1707518014772285144,0,0,1707518014772438820,1707518014772453064,0,0,1707518014772629148,1707518014772790175,1707518014772966600,1707518014774377340,1707518014775171465,1707518014775172119,1707518014778378436,1707518014705032643,0,0,1707518014705278587,1707518014706620695,1707518014778776554
167772252,0,1707518014695574001,1707518014696877697,0,0,1707518014755237786,0,0,1707518014787522083,1707518014702951929,0,0,1707518014703267132,1707518014703299506,1707518014787535918,1707518014790643678,1707518014792947546,1707518014792951094,1707518014796716763,1707518014796725707,0,0,1707518014796800225,1707518014796809866,0,0,1707518014796950762,1707518014797039283,1707518014797292176,1707518014798771330,1707518014800791485,1707518014800793169,1707518014803771477,1707518014703303646,0,0,1707518014703632032,1707518014705493755,1707518014804091464
167772253,0,1707518014708434813,1707518014709858110,0,0,1707518014771372944,0,0,1707518014808888909,1707518014710269486,0,0,1707518014710871129,1707518014710884884,1707518014808904050,1707518014812071407,1707518014814102357,1707518014814105570,1707518014816691703,1707518014816698405,0,0,1707518014816775800,1707518014816787437,0,0,1707518014816931864,1707518014817021845,1707518014817274429,1707518014817481277,1707518014818538883,1707518014818539602,1707518014819917106,1707518014710887345,0,0,1707518014713414718,1707518014714433299,1707518014820214979
167772254,0,1707518014689126167,1707518014690267483,0,0,1707518014745789391,0,0,1707518014781026864,1707518014692207533,0,0,1707518014701041549,1707518014701063652,1707518014781038413,1707518014784134607,1707518014786467434,1707518014786471668,1707518014787939773,1707518014787947031,0,0,1707518014788026259,1707518014788036854,0,0,1707518014788177549,1707518014788290336,1707518014788446097,1707518014788899406,1707518014789834618,1707518014789836090,1707518014791793565,1707518014701067076,0,0,1707518014702823835,1707518014704542138,1707518014792144942
167772255,0,1707518014696167380,1707518014697516323,0,0,1707518014768175117,0,0,1707518014806056994,1707518014706106416,0,0,1707518014708107750,1707518014708124169,1707518014806070587,1707518014809161399,1707518014810240722,1707518014810247167,1707518014814009981,1707518014814016461,0,0,1707518014814093295,1707518014814104592,0,0,1707518014814276563,1707518014814384779,1707518014814524486,1707518014814982033,1707518014815747966,1707518014815748547,1707518014816481664,1707518014708126740,0,0,1707518014710100964,1707518014712074537,1707518014816745437
167772256,0,1707518014696004730,1707518014697520235,0,0,1707518014770959022,0,0,1707518014808224184,1707518014698784488,0,0,1707518014708424858,1707518014708439312,1707518014808237360,1707518014811321356,1707518014812286794,1707518014812290138,1707518014815871343,1707518014815877009,0,0,1707518014816001661,1707518014816012636,0,0,1707518014816207403,1707518014816303651,1707518014816431408,1707518014816691338,1707518014817454841,1707518014817455381,1707518014819238112,1707518014708441720,0,0,1707518014708988288,1707518014710891697,1707518014819402587
167772257,0,1707518014697463394,1707518014699416754,0,0,1707518014743732753,0,0,1707518014776011832,1707518014706556115,0,0,1707518014707217788,1707518014707246803,1707518014776023280,1707518014779121446,1707518014780649539,1707518014780656183,1707518014784911254,1707518014784919170,0,0,1707518014785015451,1707518014785026304,0,0,1707518014785174479,1707518014785287975,1707518014785442123,1707518014785695726,1707518014786979531,1707518014786980505,1707518014788513326,1707518014707249865,0,0,1707518014710100412,1707518014712753737,1707518014788778803
167772258,0,1707518014696648485,1707518014699142934,0,0,1707518014789607833,0,0,1707518014815880146,1707518014700862523,0,0,1707518014708711295,1707518014708726916,1707518014815890642,1707518014818971607,1707518014821043912,1707518014821047097,1707518014821780956,1707518014821785997,0,0,1707518014821847582,1707518014821856711,0,0,1707518014821975011,1707518014822043919,1707518014822166929,1707518014822568949,1707518014823474243,1707518014823475059,1707518014823967261,1707518014708730470,0,0,1707518014710247882,1707518014711890288,1707518014824249938
167772259,0,1707518014704093273,1707518014706895575,0,0,1707518014736235724,0,0,1707518014773098721,1707518014709240125,0,0,1707518014709997119,1707518014710012407,1707518014773113814,1707518014776234380,1707518014778448152,1707518014778457290,1707518014783180791,1707518014783188925,0,0,1707518014783267549,1707518014783278441,0,0,1707518014783441735,1707518014783570854,1707518014783714464,1707518014784041776,1707518014784881566,1707518014784882505,1707518014786248349,1707518014710015794,0,0,1707518014712285570,1707518014713485944,1707518014786561302
167772260,0,1707518014705889730,1707518014707037303,0,0,1707518014752412379,0,0,1707518014784629030,1707518014708799510,0,0,1707518014709749782,1707518014709779322,1707518014784644446,1707518014787739966,1707518014788545299,1707518014788547242,1707518014791832598,1707518014791846750,0,0,1707518014791950229,1707518014791961036,0,0,1707518014792145153,1707518014792238726,1707518014792485437,1707518014792597681,1707518014794622543,1707518014794623691,1707518014797441208,1707518014709782152,0,0,1707518014710726498,1707518014712708082,1707518014797618920
167772261,0,1707518014717530530,1707518014719079473,0,0,1707518014808578398,0,0,1707518014819223482,1707518014720469893,0,0,1707518014721469569,1707518014721483263,1707518014819235754,1707518014822319501,1707518014824364132,1707518014824367237,1707518014824408353,1707518014824413491,0,0,1707518014824499117,1707518014824510663,0,0,1707518014824657905,1707518014824746285,1707518014824866269,1707518014825156958,1707518014825957623,1707518014825958173,1707518014826072732,1707518014721486355,0,0,1707518014721678475,1707518014723143269,1707518014826362594
167772262,0,1707518014717502773,1707518014718585191,0,0,1707518014760068049,0,0,1707518014793205989,1707518014719256905,0,0,1707518014719531272,1707518014719567463,1707518014793218527,1707518014796304590,1707518014798371348,1707518014798374645,1707518014805494123,1707518014805505253,0,0,1707518014805587928,1707518014805599310,0,0,1707518014805732254,1707518014805833997,1707518014805978895,1707518014807550092,1707518014808337191,1707518014808337932,1707518014811450720,1707518014719571448,0,0,1707518014720727461,1707518014722215484,1707518014811728333
167772263,0,1707518014717525680,1707518014718713564,0,0,1707518014801495488,0,0,1707518014818017347,1707518014719429843,0,0,1707518014721242293,1707518014721261352,1707518014818030564,1707518014821120006,1707518014823226771,1707518014823230125,1707518014823506713,1707518014823513767,0,0,1707518014823582810,1707518014823592996,0,0,1707518014823717600,1707518014823799245,1707518014823925029,1707518014824358023,1707518014825140356,1707518014825140956,1707518014825235125,1707518014721263777,0,0,1707518014721567083,1707518014722395841,1707518014825519593
167772264,0,1707518014717523595,1707518014718561663,0,0,1707518014759631705,0,0,1707518014792595212,1707518014719416481,0,0,1707518014720312841,1707518014720333519,1707518014792611048,1707518014795705605,1707518014796519517,1707518014796521361,1707518014803908485,1707518014803916096,0,0,1707518014803992202,1707518014804003734,0,0,1707518014804138169,1707518014804216021,1707518014804356254,1707518014804710405,1707518014805475739,1707518014805476275,1707518014808226530,1707518014720336896,0,0,1707518014721143059,1707518014722225340,1707518014808407951
167772265,0,1707518014721138797,1707518014722211142,0,0,1707518014799710891,0,0,1707518014817405181,1707518014722817760,0,0,1707518014723360165,1707518014723377907,1707518014817417015,1707518014820493572,1707518014822552342,1707518014822555817,1707518014822604999,1707518014822609949,0,0,1707518014822701533,1707518014822713414,0,0,1707518014822864325,1707518014822960553,1707518014823081432,1707518014823529311,1707518014824299582,1707518014824300124,1707518014824358870,1707518014723381318,0,0,1707518014723761251,1707518014724818211,1707518014824572911
