HOST,PUBLISHER_APP_INITIALIZATION,SUBSCRIBER_APP_INITIALIZATION_START,SUBSCRIBER_APP_INITIALIZATION_END,GENERATE_OFFER_NONCE_START,GENERATE_OFFER_NONCE_END,FIND_SEND,FIND_RECEIVE,OFFER_SEND,OFFER_RECEIVE,SVCB_SERVICE_REQUEST_SEND,SVCB_SERVICE_REQUEST_RECEIVE,SVCB_SERVICE_RESPONSE_SEND,SVCB_SERVICE_RESPONSE_RECEIVE,VALIDATE_OFFER_START,VALIDATE_OFFER_END,CLIENT_SIGN_START,CLIENT_SIGN_END,SUBSCRIBE_SEND,SUBSCRIBE_RECEIVE,SVCB_CLIENT_REQUEST_SEND,SVCB_CLIENT_REQUEST_RECEIVE,SVCB_CLIENT_RESPONSE_SEND,SVCB_CLIENT_RESPONSE_RECEIVE,TLSA_CLIENT_REQUEST_SEND,TLSA_CLIENT_REQUEST_RECEIVE,TLSA_CLIENT_RESPONSE_SEND,TLSA_CLIENT_RESPONSE_RECEIVE,VERIFY_CLIENT_SIGNATURE_START,VERIFY_CLIENT_SIGNATURE_END,SERVICE_SIGN_START,SERVICE_SIGN_END,SUBSCRIBE_ACK_SEND,SUBSCRIBE_ACK_RECEIVE,TLSA_SERVICE_REQUEST_SEND,TLSA_SERVICE_REQUEST_RECEIVE,TLSA_SERVICE_RESPONSE_SEND,TLSA_SERVICE_RESPONSE_RECEIVE,VERIFY_SERVICE_SIGNATURE_START,VERIFY_SERVICE_SIGNATURE_END
167772162,0,1707542975015904741,1707542975017237605,0,0,1707542975112896003,0,0,1707542975197216431,1707542975020653393,0,0,1707542975023862229,1707542975023892144,1707542975197227687,1707542975200587302,1707542975202211658,1707542975202218577,1707542975217421043,1707542975217427737,0,0,1707542975217518364,1707542975217527512,0,0,1707542975217670723,1707542975217750721,1707542975217892126,1707542975218283523,1707542975219125437,1707542975219126026,1707542975220626859,1707542975023895782,0,0,1707542975027129894,1707542975028345213,1707542975220862260
167772163,0,1707542975019698097,1707542975021227864,0,0,1707542975108268176,0,0,1707542975195409330,1707542975023979867,0,0,1707542975026581201,1707542975026599969,1707542975195425773,1707542975198513949,1707542975199704851,1707542975199716676,1707542975215711391,1707542975215717490,0,0,1707542975215773028,1707542975215780708,0,0,1707542975215867003,1707542975215935789,1707542975216073781,1707542975216595804,1707542975217394178,1707542975217394889,1707542975218857628,1707542975026603290,0,0,1707542975028441067,1707542975030193098,1707542975219137035
167772164,0,1707542975015904746,1707542975017207416,0,0,1707542975046879723,0,0,1707542975057716350,1707542975019694144,0,0,1707542975023809124,1707542975023852487,1707542975057732105,1707542975062985272,1707542975064272647,1707542975064281880,1707542975090782042,1707542975090801082,0,0,1707542975092075166,1707542975092094854,0,0,1707542975095623007,1707542975096177762,1707542975096484996,1707542975096606378,1707542975097768220,1707542975097769887,1707542975109757382,1707542975023858374,0,0,1707542975026619396,1707542975028068499,1707542975110178475
167772165,0,1707542975015904497,1707542975017222101,0,0,1707542975042916969,0,0,1707542975056069388,1707542975019559214,0,0,1707542975020944059,1707542975020981248,1707542975056086802,1707542975063513854,1707542975065873819,1707542975065880911,1707542975098461889,1707542975098478868,0,0,1707542975100564316,1707542975100601296,0,0,1707542975101527709,1707542975101937247,1707542975102316026,1707542975104268093,1707542975107123641,1707542975107125867,1707542975112375577,1707542975020987490,0,0,1707542975021555017,1707542975023411092,1707542975112661492
167772166,0,1707542975015904415,1707542975017175863,0,0,1707542975049929284,0,0,1707542975058109321,1707542975020095352,0,0,1707542975024207149,1707542975024236160,1707542975058127351,1707542975061311199,1707542975062743275,1707542975062749648,1707542975071925032,1707542975071953101,0,0,1707542975082101737,1707542975082119790,0,0,1707542975090077155,1707542975090272439,1707542975090641454,1707542975090763713,1707542975094551772,1707542975094554354,1707542975104857755,1707542975024239652,0,0,1707542975026688149,1707542975027969143,1707542975105253613
167772167,0,1707542975015904726,1707542975017175782,0,0,1707542975054980223,0,0,1707542975058204645,1707542975023374011,0,0,1707542975023963590,1707542975023986582,1707542975058224549,1707542975065812917,1707542975068542916,1707542975068554119,1707542975110106974,1707542975110129914,0,0,1707542975110937370,1707542975110961116,0,0,1707542975111817965,1707542975111966016,1707542975112236867,1707542975112356116,1707542975113629222,1707542975113630770,1707542975126774899,1707542975023988877,0,0,1707542975024581153,1707542975026024509,1707542975127707250
167772168,0,1707542975015962497,1707542975017175805,0,0,1707542975039071235,0,0,1707542975039694030,1707542975020507934,0,0,1707542975020945449,1707542975020982693,1707542975039707629,1707542975042875429,1707542975044203316,1707542975044219386,1707542975051741523,1707542975051759860,0,0,1707542975054836515,1707542975054854943,0,0,1707542975055174290,1707542975055650054,1707542975055976678,1707542975056083976,1707542975057308556,1707542975057309955,1707542975057924077,1707542975020987994,0,0,1707542975024560111,1707542975026049089,1707542975058186820
167772169,0,1707542975017598110,1707542975020879036,0,0,1707542975080274489,0,0,1707542975143769080,1707542975022822889,0,0,1707542975024402741,1707542975024427888,1707542975143789263,1707542975147543633,1707542975148792262,1707542975148851725,1707542975191345258,1707542975191357246,0,0,1707542975191985444,1707542975192576393,0,0,1707542975192826998,1707542975192987247,1707542975193271543,1707542975193342963,1707542975194248749,1707542975194250208,1707542975195373850,1707542975024431433,0,0,1707542975026964804,1707542975028247767,1707542975195623648
167772170,0,1707542975017195302,1707542975021102942,0,0,1707542975034032991,0,0,1707542975035352759,1707542975023602163,0,0,1707542975025404953,1707542975025434069,1707542975035379894,1707542975038648794,1707542975041800357,1707542975041810955,1707542975041955500,1707542975041981189,0,0,1707542975042723164,1707542975042742449,0,0,1707542975043088512,1707542975046407172,1707542975047532106,1707542975047586102,1707542975050597831,1707542975050600842,1707542975057294958,1707542975025438543,0,0,1707542975026910767,1707542975028066913,1707542975057582789
167772171,0,1707542975019698907,1707542975023790607,0,0,1707542975091299070,0,0,1707542975159171366,1707542975025029608,0,0,1707542975026423359,1707542975026441087,1707542975159185881,1707542975162309280,1707542975163455974,1707542975163464769,1707542975193539702,1707542975193552699,0,0,1707542975193638773,1707542975193650249,0,0,1707542975193795248,1707542975193883666,1707542975194147531,1707542975194322138,1707542975195103525,1707542975195104184,1707542975196008285,1707542975026443839,0,0,1707542975028502602,1707542975029916746,1707542975196209460
167772172,0,1707542975023039177,1707542975024230812,0,0,1707542975119912277,0,0,1707542975203989145,1707542975025238862,0,0,1707542975026515517,1707542975026529489,1707542975204013664,1707542975207135032,1707542975208424344,1707542975208429068,1707542975223416221,1707542975223429430,0,0,1707542975223584208,1707542975223600176,0,0,1707542975223870735,1707542975224009411,1707542975224195192,1707542975224437045,1707542975225228228,1707542975225229000,1707542975227360014,1707542975026531947,0,0,1707542975026971828,1707542975028330314,1707542975227540681
167772173,0,1707542975019698764,1707542975021855574,0,0,1707542975038641097,0,0,1707542975039333751,1707542975022590512,0,0,1707542975023890029,1707542975023911728,1707542975039355538,1707542975042576208,1707542975043993504,1707542975043999844,1707542975047690243,1707542975047709769,0,0,1707542975048035334,1707542975048051436,0,0,1707542975048545629,1707542975049094750,1707542975049458325,1707542975050691303,1707542975053316954,1707542975053319900,1707542975057682238,1707542975023914105,0,0,1707542975026832716,1707542975028066843,1707542975058047022
167772174,0,1707542975022475741,1707542975024267533,0,0,1707542975109992640,0,0,1707542975196002755,1707542975026292903,0,0,1707542975026694525,1707542975026708879,1707542975196014926,1707542975199178979,1707542975202220777,1707542975202228648,1707542975219143487,1707542975219150638,0,0,1707542975219283449,1707542975219295088,0,0,1707542975219447287,1707542975219542947,1707542975219683243,1707542975219941352,1707542975220776064,1707542975220777116,1707542975223848615,1707542975026711635,0,0,1707542975028348305,1707542975029729336,1707542975224064597
167772175,0,1707542975020068300,1707542975025344261,0,0,1707542975071965167,0,0,1707542975126527854,1707542975025865004,0,0,1707542975026543086,1707542975026559354,1707542975126551946,1707542975129714853,1707542975130922519,1707542975130938455,1707542975178218738,1707542975178239968,0,0,1707542975178515391,1707542975178532120,0,0,1707542975183641562,1707542975183845020,1707542975184137008,1707542975184247290,1707542975185291579,1707542975185294543,1707542975190113846,1707542975026561737,0,0,1707542975028277691,1707542975030550416,1707542975190550695
167772176,0,1707542975027398088,1707542975028715406,0,0,1707542975053353412,0,0,1707542975058135756,1707542975029523784,0,0,1707542975030243175,1707542975030266837,1707542975058152959,1707542975064818471,1707542975067181500,1707542975067189484,1707542975104873167,1707542975104891122,0,0,1707542975106218091,1707542975106237145,0,0,1707542975108491988,1707542975109317000,1707542975109592165,1707542975109799003,1707542975111164603,1707542975111166547,1707542975116460194,1707542975030270619,0,0,1707542975030639284,1707542975032083063,1707542975116830425
167772177,0,1707542975025820619,1707542975026893737,0,0,1707542975123414427,0,0,1707542975205899245,1707542975027505863,0,0,1707542975028700736,1707542975028721714,1707542975205913228,1707542975209118152,1707542975209928223,1707542975209930206,1707542975225257846,1707542975225271742,0,0,1707542975225429707,1707542975225443410,0,0,1707542975225721861,1707542975225860035,1707542975226028884,1707542975226752211,1707542975227537264,1707542975227537991,1707542975228943204,1707542975028724872,0,0,1707542975028947139,1707542975030190307,1707542975229296541
167772178,0,1707542975027705620,1707542975028716429,0,0,1707542975112880476,0,0,1707542975197841021,1707542975030966082,0,0,1707542975031477803,1707542975031502278,1707542975197853703,1707542975201192368,1707542975202127898,1707542975202133084,1707542975216581837,1707542975216591600,0,0,1707542975216690871,1707542975216703270,0,0,1707542975216835039,1707542975216935447,1707542975217140366,1707542975217425525,1707542975218256986,1707542975218258176,1707542975219759510,1707542975031506314,0,0,1707542975031788174,1707542975033228496,1707542975220058980
167772179,0,1707542975032761794,1707542975034183760,0,0,1707542975090878843,0,0,1707542975159135987,1707542975037063392,0,0,1707542975037279897,1707542975037304368,1707542975159150044,1707542975164049027,1707542975169286912,1707542975169297961,1707542975207761604,1707542975207769091,0,0,1707542975207857999,1707542975207864609,0,0,1707542975207946900,1707542975208005968,1707542975208140275,1707542975208671068,1707542975209448275,1707542975209449012,1707542975212068266,1707542975037306742,0,0,1707542975037650760,1707542975040035498,1707542975212429327
167772180,0,1707542975033121072,1707542975034183754,0,0,1707542975066074141,0,0,1707542975102432592,1707542975035291690,0,0,1707542975036903688,1707542975036926328,1707542975102460784,1707542975106372671,1707542975108767665,1707542975108775075,1707542975133388445,1707542975133409415,0,0,1707542975137635825,1707542975137656037,0,0,1707542975139753418,1707542975139922077,1707542975140181732,1707542975140351966,1707542975145506171,1707542975145508280,1707542975161548766,1707542975036930111,0,0,1707542975037200075,1707542975038495301,1707542975162183804
167772181,0,1707542975033774120,1707542975034847244,0,0,1707542975045389433,0,0,1707542975057355556,1707542975035250959,0,0,1707542975038946566,1707542975038965016,1707542975057375152,1707542975060546386,1707542975062413120,1707542975062421747,1707542975064422194,1707542975064442192,0,0,1707542975065226297,1707542975065245440,0,0,1707542975066925958,1707542975067600854,1707542975067942016,1707542975068002286,1707542975071785902,1707542975071789092,1707542975096594244,1707542975038968703,0,0,1707542975039891258,1707542975041272788,1707542975096964539
167772182,0,1707542975033120984,1707542975034190458,0,0,1707542975088915322,0,0,1707542975159078471,1707542975036100475,0,0,1707542975036904009,1707542975036926390,1707542975159099521,1707542975165986539,1707542975169189541,1707542975169199496,1707542975205162859,1707542975205176520,0,0,1707542975205271523,1707542975205283216,0,0,1707542975205513137,1707542975205612137,1707542975205761926,1707542975206917725,1707542975207734183,1707542975207734911,1707542975209222259,1707542975036930186,0,0,1707542975037306851,1707542975038597378,1707542975209399235
167772183,0,1707542975035780257,1707542975037352923,0,0,1707542975050015232,0,0,1707542975057874676,1707542975037926086,0,0,1707542975038416844,1707542975038439273,1707542975057892006,1707542975061048403,1707542975062449280,1707542975062453573,1707542975068583388,1707542975068602938,0,0,1707542975068913194,1707542975068931544,0,0,1707542975069191395,1707542975069410557,1707542975070001768,1707542975072191146,1707542975074610420,1707542975074613480,1707542975096610945,1707542975038442794,0,0,1707542975040943759,1707542975042217630,1707542975097572687
167772184,0,1707542975033211233,1707542975035357945,0,0,1707542975092829166,0,0,1707542975160288976,1707542975035671344,0,0,1707542975038564630,1707542975038582654,1707542975160304980,1707542975165686624,1707542975166794600,1707542975166800245,1707542975197306817,1707542975197315537,0,0,1707542975197393460,1707542975197400627,0,0,1707542975197498072,1707542975197570172,1707542975197712765,1707542975198369479,1707542975199326217,1707542975199327666,1707542975203139605,1707542975038585401,0,0,1707542975040001697,1707542975041324397,1707542975203447365
167772185,0,1707542975033748659,1707542975034939654,0,0,1707542975082913726,0,0,1707542975157574462,1707542975036154165,0,0,1707542975038541940,1707542975038561126,1707542975157594833,1707542975164528984,1707542975167130024,1707542975167139166,1707542975198369998,1707542975198383704,0,0,1707542975198512317,1707542975198535215,0,0,1707542975198768580,1707542975198893897,1707542975199172096,1707542975200078774,1707542975202346904,1707542975202348176,1707542975203962809,1707542975038564676,0,0,1707542975039475926,1707542975040954444,1707542975204150388
167772186,0,1707542975038104563,1707542975039257476,0,0,1707542975067543166,0,0,1707542975110433817,1707542975040899703,0,0,1707542975041441558,1707542975041458467,1707542975110454692,1707542975114880213,1707542975117576709,1707542975117586749,1707542975144390254,1707542975144412357,0,0,1707542975145674396,1707542975145694041,0,0,1707542975150612996,1707542975153873838,1707542975154160849,1707542975154319825,1707542975155515459,1707542975155517956,1707542975158106427,1707542975041462006,0,0,1707542975041716284,1707542975043959251,1707542975159336449
167772187,0,1707542975037672101,1707542975039012006,0,0,1707542975118485116,0,0,1707542975201907768,1707542975040708201,0,0,1707542975041211298,1707542975041232151,1707542975201939564,1707542975205101729,1707542975205938425,1707542975205941905,1707542975220800038,1707542975220822796,0,0,1707542975220926847,1707542975220939789,0,0,1707542975221200590,1707542975221285669,1707542975221434186,1707542975222047241,1707542975223126891,1707542975223128342,1707542975224295450,1707542975041235805,0,0,1707542975041732995,1707542975043152143,1707542975224484168
167772188,0,1707542975042744770,1707542975043569161,0,0,1707542975064555618,0,0,1707542975090786752,1707542975045072481,0,0,1707542975045552462,1707542975045571377,1707542975090817159,1707542975095010003,1707542975099751526,1707542975099763006,1707542975126400843,1707542975126422557,0,0,1707542975127684380,1707542975127702317,0,0,1707542975128273078,1707542975128509069,1707542975130103355,1707542975130518702,1707542975131801749,1707542975131804721,1707542975140353172,1707542975045573427,0,0,1707542975045835000,1707542975047141276,1707542975140875493
167772189,0,1707542975040447344,1707542975041863241,0,0,1707542975132744780,0,0,1707542975214878336,1707542975042258177,0,0,1707542975042771461,1707542975042791023,1707542975214890888,1707542975217996643,1707542975219252301,1707542975219257012,1707542975237700736,1707542975237725064,0,0,1707542975237876937,1707542975237886082,0,0,1707542975237975949,1707542975238077936,1707542975238338533,1707542975239026097,1707542975241058670,1707542975241059970,1707542975244196831,1707542975042794305,0,0,1707542975043088637,1707542975044535830,1707542975244522034
167772190,0,1707542975042295835,1707542975043352875,0,0,1707542975102718505,0,0,1707542975186865619,1707542975044888511,0,0,1707542975045414354,1707542975045435142,1707542975186881965,1707542975190162837,1707542975192970683,1707542975192977590,1707542975210536890,1707542975210544364,0,0,1707542975210599670,1707542975210606221,0,0,1707542975211002699,1707542975211099236,1707542975211300117,1707542975211562823,1707542975212805836,1707542975212806752,1707542975214865235,1707542975045438505,0,0,1707542975046583359,1707542975047832881,1707542975215161232
167772191,0,1707542975047479754,1707542975048508246,0,0,1707542975064488636,0,0,1707542975091386836,1707542975049502827,0,0,1707542975049927551,1707542975049946621,1707542975091401303,1707542975094771550,1707542975096030407,1707542975096038206,1707542975112904711,1707542975112919433,0,0,1707542975113053346,1707542975113070112,0,0,1707542975114650639,1707542975115001161,1707542975115312622,1707542975117783947,1707542975121583892,1707542975121589035,1707542975132541008,1707542975049949395,0,0,1707542975050822279,1707542975052286823,1707542975132871235
167772192,0,1707542975042745110,1707542975043686901,0,0,1707542975071410496,0,0,1707542975116224783,1707542975045121275,0,0,1707542975045418612,1707542975045434870,1707542975116247096,1707542975120495260,1707542975122886433,1707542975122895666,1707542975171004706,1707542975171033008,0,0,1707542975171314344,1707542975171332334,0,0,1707542975174865701,1707542975175020405,1707542975175294641,1707542975175799975,1707542975177315132,1707542975177317622,1707542975187763209,1707542975045438480,0,0,1707542975046368717,1707542975047922716,1707542975188155236
167772193,0,1707542975044490461,1707542975045901844,0,0,1707542975068921367,0,0,1707542975112360184,1707542975046475125,0,0,1707542975046789432,1707542975046805484,1707542975112380075,1707542975116322724,1707542975118424074,1707542975118434427,1707542975159355170,1707542975159371150,0,0,1707542975159752279,1707542975160071059,0,0,1707542975167070716,1707542975167241449,1707542975167498716,1707542975167582644,1707542975171535440,1707542975171537365,1707542975184513183,1707542975046808153,0,0,1707542975046964859,1707542975048231461,1707542975184760023
167772194,0,1707542975049524480,1707542975051338540,0,0,1707542975087947197,0,0,1707542975159954984,1707542975052037175,0,0,1707542975054731744,1707542975054753983,1707542975159967455,1707542975166424846,1707542975168014211,1707542975168021561,1707542975204310498,1707542975204321100,0,0,1707542975204411817,1707542975204425253,0,0,1707542975204614913,1707542975204740271,1707542975204901019,1707542975205175630,1707542975206864030,1707542975206865299,1707542975208206491,1707542975054756978,0,0,1707542975055680495,1707542975057037531,1707542975208450554
167772195,0,1707542975049524559,1707542975050775266,0,0,1707542975082276391,0,0,1707542975158136609,1707542975057174570,0,0,1707542975062543767,1707542975062567119,1707542975158739927,1707542975162737463,1707542975164080977,1707542975164087693,1707542975195355461,1707542975195364264,0,0,1707542975195461015,1707542975195471860,0,0,1707542975195657744,1707542975195747992,1707542975195918881,1707542975196310591,1707542975197178671,1707542975197179332,1707542975199302103,1707542975062570623,0,0,1707542975062955856,1707542975064260050,1707542975199650748
167772196,0,1707542975049966178,1707542975050872926,0,0,1707542975072790416,0,0,1707542975132405609,1707542975051665420,0,0,1707542975059668677,1707542975059698415,1707542975132422703,1707542975136691749,1707542975138170958,1707542975138179858,1707542975185860297,1707542975185875231,0,0,1707542975185966572,1707542975185982863,0,0,1707542975186278874,1707542975186454485,1707542975186713078,1707542975187027324,1707542975188128195,1707542975188131240,1707542975191184662,1707542975059703260,0,0,1707542975060436505,1707542975061842144,1707542975191537042
167772197,0,1707542975050551599,1707542975051710602,0,0,1707542975077160829,0,0,1707542975131902521,1707542975053130930,0,0,1707542975055418287,1707542975055439342,1707542975131927065,1707542975136265883,1707542975139271010,1707542975139283619,1707542975187127326,1707542975187143847,0,0,1707542975187880582,1707542975187906847,0,0,1707542975188445242,1707542975189654303,1707542975189997339,1707542975190202338,1707542975191241863,1707542975191243408,1707542975194249403,1707542975055442497,0,0,1707542975056460891,1707542975057857986,1707542975194455534
167772198,0,1707542975053514060,1707542975054823298,0,0,1707542975148319724,0,0,1707542975228148174,1707542975055356860,0,0,1707542975060540050,1707542975060558500,1707542975228158605,1707542975231323578,1707542975232695527,1707542975232699731,1707542975254997243,1707542975255007186,0,0,1707542975255117316,1707542975255127196,0,0,1707542975255244763,1707542975255326682,1707542975255485765,1707542975255797105,1707542975256941816,1707542975256943331,1707542975257884006,1707542975060561954,0,0,1707542975060891157,1707542975062229202,1707542975258252632
167772199,0,1707542975063061931,1707542975064124366,0,0,1707542975084546999,0,0,1707542975162353975,1707542975071083519,0,0,1707542975082330381,1707542975082345762,1707542975162386680,1707542975165595260,1707542975167913319,1707542975167919788,1707542975202380917,1707542975202390142,0,0,1707542975202498937,1707542975202513564,0,0,1707542975202715516,1707542975202845465,1707542975203007113,1707542975203313868,1707542975204281491,1707542975204282618,1707542975205853193,1707542975082348169,0,0,1707542975088640675,1707542975092157540,1707542975206183707
167772200,0,1707542975051941947,1707542975053146658,0,0,1707542975078629016,0,0,1707542975133505104,1707542975055780885,0,0,1707542975064636048,1707542975064655856,1707542975133527500,1707542975139148059,1707542975145031725,1707542975145042819,1707542975190219590,1707542975190239900,0,0,1707542975190350976,1707542975190366548,0,0,1707542975190658682,1707542975190809470,1707542975191053946,1707542975191348566,1707542975192660481,1707542975192661878,1707542975194248679,1707542975064659259,0,0,1707542975064977346,1707542975066902892,1707542975194458234
167772201,0,1707542975058384964,1707542975059708168,0,0,1707542975118578832,0,0,1707542975203130705,1707542975062798235,0,0,1707542975080113510,1707542975080126677,1707542975203145830,1707542975206308629,1707542975207279877,1707542975207285154,1707542975222048256,1707542975222056559,0,0,1707542975222205468,1707542975222219183,0,0,1707542975222552276,1707542975222916602,1707542975223315667,1707542975223396909,1707542975224403717,1707542975224404809,1707542975226112239,1707542975080129324,0,0,1707542975085200435,1707542975086548120,1707542975226402866
167772202,0,1707542975063061928,1707542975064071798,0,0,1707542975136526890,0,0,1707542975217272205,1707542975074154916,0,0,1707542975080363029,1707542975080379630,1707542975217281925,1707542975220376211,1707542975222716561,1707542975222724238,1707542975243368515,1707542975243377294,0,0,1707542975243515941,1707542975243524910,0,0,1707542975243599304,1707542975243707545,1707542975243991960,1707542975244433400,1707542975246022609,1707542975246023574,1707542975247425041,1707542975080382600,0,0,1707542975087097833,1707542975088417126,1707542975247672843
167772203,0,1707542975055772567,1707542975056814796,0,0,1707542975101399713,0,0,1707542975184567555,1707542975058720690,0,0,1707542975060194564,1707542975060217715,1707542975184583516,1707542975187801881,1707542975191586976,1707542975191596391,1707542975209470926,1707542975209477565,0,0,1707542975209533806,1707542975209541328,0,0,1707542975209625077,1707542975209691484,1707542975209829980,1707542975210570925,1707542975211509946,1707542975211511166,1707542975214015101,1707542975060222609,0,0,1707542975062277469,1707542975063632452,1707542975214324620
167772204,0,1707542975056513672,1707542975057633690,0,0,1707542975090099900,0,0,1707542975159940055,1707542975059009895,0,0,1707542975060797946,1707542975060815974,1707542975159954508,1707542975163087883,1707542975166679865,1707542975166690171,1707542975196296260,1707542975196303857,0,0,1707542975196663199,1707542975196673233,0,0,1707542975196853265,1707542975196956291,1707542975197133529,1707542975197307495,1707542975198314572,1707542975198316165,1707542975201900973,1707542975060819262,0,0,1707542975063801233,1707542975065105990,1707542975202155945
167772205,0,1707542975065248589,1707542975066292939,0,0,1707542975126268817,0,0,1707542975209251511,1707542975071491324,0,0,1707542975078187760,1707542975078200303,1707542975209267821,1707542975212360298,1707542975213341753,1707542975213346061,1707542975227559818,1707542975227567728,0,0,1707542975227646749,1707542975227658416,0,0,1707542975227802085,1707542975227910658,1707542975228050064,1707542975228358584,1707542975229196520,1707542975229197326,1707542975232422120,1707542975078202440,0,0,1707542975082163191,1707542975083425330,1707542975232705420
167772206,0,1707542975065866881,1707542975066838306,0,0,1707542975149286946,0,0,1707542975228941956,1707542975073890818,0,0,1707542975078376663,1707542975078392074,1707542975228954445,1707542975232041997,1707542975232999905,1707542975233002636,1707542975255795308,1707542975255803848,0,0,1707542975256137132,1707542975256206551,0,0,1707542975256574713,1707542975256721932,1707542975256962938,1707542975257049112,1707542975258080791,1707542975258081738,1707542975259439270,1707542975078394872,0,0,1707542975082596135,1707542975083743532,1707542975259726489
167772207,0,1707542975059130065,1707542975060779517,0,0,1707542975093582227,0,0,1707542975159210471,1707542975072492871,0,0,1707542975078143866,1707542975078156502,1707542975159223160,1707542975162378011,1707542975164718852,1707542975164726701,1707542975194306696,1707542975194315472,0,0,1707542975194405113,1707542975194417538,0,0,1707542975194624111,1707542975195120752,1707542975195256299,1707542975195352862,1707542975196274590,1707542975196275384,1707542975197839707,1707542975078159075,0,0,1707542975078413240,1707542975079789783,1707542975198136269
167772208,0,1707542975061712068,1707542975063197818,0,0,1707542975106609315,0,0,1707542975195729084,1707542975071324832,0,0,1707542975079992518,1707542975080012721,1707542975195739552,1707542975198827947,1707542975202216914,1707542975202224295,1707542975218282160,1707542975218290196,0,0,1707542975218370694,1707542975218377782,0,0,1707542975218505245,1707542975218593116,1707542975218772377,1707542975219147356,1707542975219919880,1707542975219920605,1707542975221527039,1707542975080015923,0,0,1707542975083950319,1707542975085108479,1707542975221837315
167772209,0,1707542975077631485,1707542975079769800,0,0,1707542975177093224,0,0,1707542975254612142,1707542975094841572,0,0,1707542975102725155,1707542975102739594,1707542975254620823,1707542975257707229,1707542975260006558,1707542975260009859,1707542975276455681,1707542975276462168,0,0,1707542975276516478,1707542975276527001,0,0,1707542975276615173,1707542975276698760,1707542975276841518,1707542975277370658,1707542975278167917,1707542975278168489,1707542975279528112,1707542975102743000,0,0,1707542975103603253,1707542975105810048,1707542975279800841
167772210,0,1707542975068322680,1707542975078286754,0,0,1707542975134608552,0,0,1707542975216151880,1707542975098483034,0,0,1707542975102778783,1707542975102794753,1707542975216162047,1707542975219235390,1707542975221344480,1707542975221349662,1707542975241102947,1707542975241114604,0,0,1707542975241534166,1707542975241546507,0,0,1707542975241685017,1707542975241823914,1707542975242194452,1707542975243413774,1707542975244388358,1707542975244389550,1707542975246501521,1707542975102798154,0,0,1707542975105072125,1707542975108116274,1707542975246695757
167772211,0,1707542975063595906,1707542975064566545,0,0,1707542975105586752,0,0,1707542975191192887,1707542975074638823,0,0,1707542975082233330,1707542975082253885,1707542975191208931,1707542975194338969,1707542975196094404,1707542975196099500,1707542975214127766,1707542975214139640,0,0,1707542975214351527,1707542975214365468,0,0,1707542975214527463,1707542975214625295,1707542975214778923,1707542975214909771,1707542975215697820,1707542975215698374,1707542975217251218,1707542975082256803,0,0,1707542975088881363,1707542975090432057,1707542975217443278
167772212,0,1707542975059130025,1707542975060094242,0,0,1707542975084497436,0,0,1707542975158164678,1707542975060947989,0,0,1707542975064519923,1707542975064543107,1707542975158182138,1707542975162190133,1707542975167936825,1707542975167945112,1707542975203308343,1707542975203321335,0,0,1707542975203399487,1707542975203412405,0,0,1707542975203584279,1707542975203676306,1707542975203843624,1707542975204314824,1707542975205134745,1707542975205135617,1707542975207577358,1707542975064546676,0,0,1707542975065612054,1707542975067293969,1707542975207875679
167772213,0,1707542975061627407,1707542975062974663,0,0,1707542975124464753,0,0,1707542975208249625,1707542975069512982,0,0,1707542975080557620,1707542975080571428,1707542975208263465,1707542975212128052,1707542975213551650,1707542975213558289,1707542975228358781,1707542975228364697,0,0,1707542975228456474,1707542975228468606,0,0,1707542975228632428,1707542975228739560,1707542975228873444,1707542975229240922,1707542975231512072,1707542975231513720,1707542975234370385,1707542975080574113,0,0,1707542975086271434,1707542975088350605,1707542975234568538
167772214,0,1707542975070089134,1707542975071350322,0,0,1707542975157815463,0,0,1707542975242333942,1707542975072078253,0,0,1707542975078432394,1707542975078443923,1707542975242345695,1707542975245424529,1707542975246287078,1707542975246288572,1707542975264663565,1707542975264674566,0,0,1707542975264753911,1707542975264763948,0,0,1707542975264866988,1707542975264944346,1707542975265192640,1707542975265482066,1707542975267503408,1707542975267504379,1707542975268737253,1707542975078446344,0,0,1707542975080270151,1707542975081648902,1707542975269015484
167772215,0,1707542975076687390,1707542975077871956,0,0,1707542975173381620,0,0,1707542975251220029,1707542975083654241,0,0,1707542975089367713,1707542975089408567,1707542975251231788,1707542975254309582,1707542975255561519,1707542975255567132,1707542975272806567,1707542975272814609,0,0,1707542975272856208,1707542975272861574,0,0,1707542975272933989,1707542975272977422,1707542975273116014,1707542975273649949,1707542975274597172,1707542975274597879,1707542975276245138,1707542975089413128,0,0,1707542975094098405,1707542975095424085,1707542975276520113
167772216,0,1707542975065006248,1707542975066149297,0,0,1707542975128582304,0,0,1707542975212837236,1707542975071826525,0,0,1707542975078022814,1707542975078043429,1707542975212847864,1707542975215970946,1707542975218182485,1707542975218187475,1707542975235586309,1707542975235596474,0,0,1707542975235688198,1707542975235697587,0,0,1707542975235848894,1707542975235972829,1707542975236163443,1707542975237708466,1707542975238951835,1707542975238952537,1707542975242328478,1707542975078046486,0,0,1707542975081603680,1707542975087168254,1707542975242509893
167772217,0,1707542975081365040,1707542975084111316,0,0,1707542975121802648,0,0,1707542975205080795,1707542975084521769,0,0,1707542975098285549,1707542975098305841,1707542975205097962,1707542975208246038,1707542975209356811,1707542975209360739,1707542975224436365,1707542975224445874,0,0,1707542975224547126,1707542975224560772,0,0,1707542975224718655,1707542975224807316,1707542975225041722,1707542975225263404,1707542975226665945,1707542975226666808,1707542975228110352,1707542975098308476,0,0,1707542975099168980,1707542975102013872,1707542975228430661
167772218,0,1707542975067522428,1707542975070268427,0,0,1707542975152413591,0,0,1707542975232472535,1707542975071252922,0,0,1707542975082465662,1707542975082480871,1707542975232486018,1707542975235586371,1707542975236531684,1707542975236535658,1707542975258113970,1707542975258124151,0,0,1707542975258209206,1707542975258219414,0,0,1707542975258323267,1707542975258399420,1707542975258579270,1707542975259019468,1707542975260201597,1707542975260202336,1707542975262154733,1707542975082483505,0,0,1707542975091219679,1707542975092755199,1707542975262401800
167772219,0,1707542975079568702,1707542975080543946,0,0,1707542975139899139,0,0,1707542975218902332,1707542975096510874,0,0,1707542975098532047,1707542975098549000,1707542975218913289,1707542975222009650,1707542975223120105,1707542975223125669,1707542975244425221,1707542975244435180,0,0,1707542975244512202,1707542975244521827,0,0,1707542975244617079,1707542975244702929,1707542975244899769,1707542975246093326,1707542975246879808,1707542975246880466,1707542975248575447,1707542975098552582,0,0,1707542975100846390,1707542975104465970,1707542975248816487
167772220,0,1707542975084459789,1707542975091673203,0,0,1707542975126184005,0,0,1707542975209923383,1707542975092487356,0,0,1707542975098481109,1707542975098496989,1707542975209940589,1707542975213064079,1707542975214225055,1707542975214230910,1707542975229224613,1707542975229232973,0,0,1707542975229327284,1707542975229338240,0,0,1707542975229497694,1707542975229625490,1707542975229793679,1707542975231608113,1707542975233683456,1707542975233684256,1707542975236258706,1707542975098499914,0,0,1707542975100722262,1707542975102678282,1707542975236466828
167772221,0,1707542975077631758,1707542975078822234,0,0,1707542975103205231,0,0,1707542975190207866,1707542975091671855,0,0,1707542975102615569,1707542975102657318,1707542975190227460,1707542975193372457,1707542975194188326,1707542975194190125,1707542975211547550,1707542975211559667,0,0,1707542975211690806,1707542975211704452,0,0,1707542975212451751,1707542975212580920,1707542975212740406,1707542975213127867,1707542975213938087,1707542975213939202,1707542975214884028,1707542975102661881,0,0,1707542975105257124,1707542975108110263,1707542975215065258
167772222,0,1707542975081311761,1707542975082452555,0,0,1707542975094923167,0,0,1707542975159260791,1707542975083036650,0,0,1707542975091207662,1707542975093620491,1707542975159274707,1707542975166899467,1707542975169244541,1707542975169251993,1707542975206916163,1707542975206925972,0,0,1707542975207028173,1707542975207036878,0,0,1707542975207170748,1707542975207298883,1707542975207446728,1707542975207764824,1707542975208640425,1707542975208641102,1707542975209982791,1707542975093625346,0,0,1707542975099156754,1707542975100595049,1707542975210281582
167772223,0,1707542975086509472,1707542975093033990,0,0,1707542975142901284,0,0,1707542975223413119,1707542975102920336,0,0,1707542975104320567,1707542975104340300,1707542975223435100,1707542975226598416,1707542975227415771,1707542975227417112,1707542975249857150,1707542975249864338,0,0,1707542975249945442,1707542975249956814,0,0,1707542975250084035,1707542975250178526,1707542975250326358,1707542975250709589,1707542975251677092,1707542975251677901,1707542975253722906,1707542975104343087,0,0,1707542975106960508,1707542975108200797,1707542975254055722
167772224,0,1707542975083143719,1707542975084109895,0,0,1707542975096557975,0,0,1707542975167616543,1707542975084971250,0,0,1707542975091122742,1707542975091141903,1707542975167646292,1707542975172294967,1707542975175316973,1707542975175338709,1707542975208667021,1707542975208675928,0,0,1707542975208741087,1707542975208747915,0,0,1707542975208852242,1707542975208939805,1707542975209080516,1707542975209476271,1707542975210509406,1707542975210510314,1707542975212842052,1707542975091144511,0,0,1707542975093627350,1707542975095432964,1707542975213020030
167772225,0,1707542975085678010,1707542975087253673,0,0,1707542975103329666,0,0,1707542975190207941,1707542975087990420,0,0,1707542975090809751,1707542975090837686,1707542975190222312,1707542975193387896,1707542975194186739,1707542975194188580,1707542975213121924,1707542975213134464,0,0,1707542975213226763,1707542975213297285,0,0,1707542975213521679,1707542975213726214,1707542975213936043,1707542975214059823,1707542975214855808,1707542975214856555,1707542975216172021,1707542975090841669,0,0,1707542975098667739,1707542975099932502,1707542975216478738
167772226,0,1707542975073002157,1707542975074330437,0,0,1707542975139009319,0,0,1707542975218030376,1707542975075188663,0,0,1707542975078391652,1707542975078407804,1707542975218042808,1707542975221169164,1707542975223453868,1707542975223459286,1707542975246058026,1707542975246066644,0,0,1707542975246149542,1707542975246156138,0,0,1707542975246225898,1707542975246284691,1707542975246433350,1707542975246950471,1707542975247928474,1707542975247929339,1707542975249412763,1707542975078410732,0,0,1707542975083615298,1707542975084930437,1707542975249598426
167772227,0,1707542975101538873,1707542975103849826,0,0,1707542975154420253,0,0,1707542975234364731,1707542975104397637,0,0,1707542975105169294,1707542975105179793,1707542975234376759,1707542975237497226,1707542975238873100,1707542975238877840,1707542975259016806,1707542975259024619,0,0,1707542975259111712,1707542975259119217,0,0,1707542975259189671,1707542975259244164,1707542975259375398,1707542975260224451,1707542975261150564,1707542975261151681,1707542975263103905,1707542975105181477,0,0,1707542975107848112,1707542975109309103,1707542975263336864
167772228,0,1707542975077655403,1707542975078619524,0,0,1707542975092308602,0,0,1707542975159237580,1707542975089798149,0,0,1707542975102895181,1707542975102908582,1707542975159249865,1707542975164897284,1707542975167359679,1707542975167367105,1707542975200590924,1707542975200608360,0,0,1707542975200785146,1707542975200800269,0,0,1707542975201365282,1707542975201597785,1707542975201788241,1707542975202385082,1707542975203274930,1707542975203276446,1707542975205050573,1707542975102911830,0,0,1707542975105007177,1707542975106923500,1707542975205245315
167772229,0,1707542975082651980,1707542975083688327,0,0,1707542975179156121,0,0,1707542975257890504,1707542975095585631,0,0,1707542975098156134,1707542975098179526,1707542975257904243,1707542975261010289,1707542975262050043,1707542975262054151,1707542975277372167,1707542975277379807,0,0,1707542975277423283,1707542975277430311,0,0,1707542975277499816,1707542975277560175,1707542975277699724,1707542975278187043,1707542975279054628,1707542975279055420,1707542975280318727,1707542975098183533,0,0,1707542975099228851,1707542975100549402,1707542975280593307
167772230,0,1707542975076687466,1707542975078502494,0,0,1707542975141938690,0,0,1707542975220591057,1707542975088621414,0,0,1707542975103680556,1707542975103707523,1707542975220607066,1707542975224110615,1707542975226617092,1707542975226623499,1707542975248985816,1707542975248993007,0,0,1707542975249067634,1707542975249074372,0,0,1707542975249151575,1707542975249206808,1707542975249343739,1707542975249891198,1707542975250687308,1707542975250687932,1707542975252465351,1707542975103710969,0,0,1707542975105097037,1707542975106871603,1707542975252704550
167772231,0,1707542975084271913,1707542975085493965,0,0,1707542975175479755,0,0,1707542975253702775,1707542975088248765,0,0,1707542975098669385,1707542975098685365,1707542975253716883,1707542975256846509,1707542975258010385,1707542975258014599,1707542975274619237,1707542975274626593,0,0,1707542975274663335,1707542975274668384,0,0,1707542975274733886,1707542975274776500,1707542975274906044,1707542975275613121,1707542975276435219,1707542975276435882,1707542975277805405,1707542975098688721,0,0,1707542975100756011,1707542975102868455,1707542975277974517
167772232,0,1707542975081274394,1707542975083192156,0,0,1707542975131708236,0,0,1707542975214213608,1707542975088611872,0,0,1707542975090859685,1707542975090874959,1707542975214231575,1707542975217335900,1707542975218195513,1707542975218200255,1707542975233714620,1707542975233724281,0,0,1707542975233847232,1707542975233854431,0,0,1707542975233921788,1707542975233982813,1707542975234228032,1707542975235599505,1707542975237666089,1707542975237667014,1707542975239348133,1707542975090877774,0,0,1707542975091116248,1707542975098406925,1707542975239527193
167772233,0,1707542975098632274,1707542975100262520,0,0,1707542975178984691,0,0,1707542975257168410,1707542975101562856,0,0,1707542975102601759,1707542975102622602,1707542975257213237,1707542975260476978,1707542975263108473,1707542975263117573,1707542975278185373,1707542975278192924,0,0,1707542975278241275,1707542975278250792,0,0,1707542975278335214,1707542975278414067,1707542975278551110,1707542975279077492,1707542975279875384,1707542975279875947,1707542975281143687,1707542975102626210,0,0,1707542975103731018,1707542975106699296,1707542975281436702
167772234,0,1707542975083733209,1707542975084846217,0,0,1707542975141172252,0,0,1707542975219764317,1707542975086386563,0,0,1707542975094324917,1707542975094347513,1707542975219776683,1707542975223604644,1707542975225939079,1707542975225946423,1707542975247959544,1707542975247968363,0,0,1707542975248050852,1707542975248060583,0,0,1707542975248179033,1707542975248284558,1707542975248485084,1707542975248988119,1707542975249828213,1707542975249829020,1707542975251214101,1707542975094351651,0,0,1707542975098581266,1707542975099934336,1707542975251500801
167772235,0,1707542975082016349,1707542975083560071,0,0,1707542975124165027,0,0,1707542975207547615,1707542975097509870,0,0,1707542975098569465,1707542975098583505,1707542975207571409,1707542975210731866,1707542975212073616,1707542975212087123,1707542975226703775,1707542975226712426,0,0,1707542975226810596,1707542975226822950,0,0,1707542975226973308,1707542975227098343,1707542975227247395,1707542975227560579,1707542975228342098,1707542975228342621,1707542975229882017,1707542975098586049,0,0,1707542975100750919,1707542975102497780,1707542975230076303
167772236,0,1707542975096606529,1707542975097923221,0,0,1707542975157814989,0,0,1707542975239353297,1707542975101002093,0,0,1707542975107023969,1707542975107050987,1707542975239366817,1707542975242472612,1707542975244603208,1707542975244608840,1707542975262226000,1707542975262235852,0,0,1707542975262355632,1707542975262369714,0,0,1707542975262606422,1707542975262812098,1707542975263000903,1707542975264662258,1707542975265449922,1707542975265450674,1707542975268181143,1707542975107056043,0,0,1707542975108140982,1707542975110084697,1707542975268363413
167772237,0,1707542975098448821,1707542975099690246,0,0,1707542975115188359,0,0,1707542975199894913,1707542975100624056,0,0,1707542975107615187,1707542975107632707,1707542975199913643,1707542975203096764,1707542975203930441,1707542975203934207,1707542975219941784,1707542975219948946,0,0,1707542975220088054,1707542975220099019,0,0,1707542975220241324,1707542975220354565,1707542975220503309,1707542975220812662,1707542975222014462,1707542975222015486,1707542975224291961,1707542975107635402,0,0,1707542975108193973,1707542975109862722,1707542975224618972
167772238,0,1707542975097438743,1707542975098518742,0,0,1707542975143942966,0,0,1707542975225128075,1707542975100137115,0,0,1707542975104705209,1707542975104724126,1707542975225141281,1707542975228262969,1707542975229098642,1707542975229100916,1707542975250707888,1707542975250714539,0,0,1707542975250778210,1707542975250788699,0,0,1707542975250906841,1707542975250985021,1707542975251141436,1707542975251742496,1707542975252568617,1707542975252569482,1707542975254532421,1707542975104727004,0,0,1707542975107054560,1707542975109556228,1707542975254810983
167772239,0,1707542975091396306,1707542975092892564,0,0,1707542975105989824,0,0,1707542975193362109,1707542975093613385,0,0,1707542975097324398,1707542975097347574,1707542975193376349,1707542975196862912,1707542975197748611,1707542975197754112,1707542975214889243,1707542975214896356,0,0,1707542975214956590,1707542975214966974,0,0,1707542975215057684,1707542975215187976,1707542975215356968,1707542975215714462,1707542975216551682,1707542975216552736,1707542975218010459,1707542975097351478,0,0,1707542975098274000,1707542975099665972,1707542975218195110
167772240,0,1707542975084459726,1707542975085495160,0,0,1707542975151155058,0,0,1707542975229886556,1707542975090042557,0,0,1707542975102633214,1707542975102657952,1707542975229899486,1707542975232999165,1707542975235019966,1707542975235023265,1707542975257074848,1707542975257090340,0,0,1707542975257197917,1707542975257213909,0,0,1707542975257426621,1707542975257592927,1707542975257763477,1707542975258118760,1707542975258988244,1707542975258991131,1707542975260658602,1707542975102661428,0,0,1707542975105292424,1707542975108001694,1707542975260884411
167772241,0,1707542975100168487,1707542975105364762,0,0,1707542975155775318,0,0,1707542975236270886,1707542975105997884,0,0,1707542975109015504,1707542975109033142,1707542975236284625,1707542975239380917,1707542975241464232,1707542975241469397,1707542975260221648,1707542975260228571,0,0,1707542975260338415,1707542975260343942,0,0,1707542975260402072,1707542975260445085,1707542975260582703,1707542975261202292,1707542975262189434,1707542975262190377,1707542975265332125,1707542975109035930,0,0,1707542975109711143,1707542975111700360,1707542975265500858
167772242,0,1707542975109190016,1707542975110974081,0,0,1707542975177744393,0,0,1707542975255569355,1707542975111880209,0,0,1707542975112140015,1707542975112155685,1707542975255581191,1707542975258677834,1707542975259861024,1707542975259863173,1707542975275605397,1707542975275622387,0,0,1707542975275732855,1707542975275742879,0,0,1707542975275874720,1707542975275951717,1707542975276100928,1707542975276458437,1707542975277347355,1707542975277348078,1707542975278656934,1707542975112158429,0,0,1707542975112875063,1707542975114209347,1707542975278864206
167772243,0,1707542975103883880,1707542975108640044,0,0,1707542975186082418,0,0,1707542975263116065,1707542975109916132,0,0,1707542975111030070,1707542975111052565,1707542975263159623,1707542975266285467,1707542975268320122,1707542975268323384,1707542975282335586,1707542975282341381,0,0,1707542975282415909,1707542975282421305,0,0,1707542975282484720,1707542975282528464,1707542975282654034,1707542975283205469,1707542975283970099,1707542975283970628,1707542975286091724,1707542975111056367,0,0,1707542975111324293,1707542975112723226,1707542975286469483
167772244,0,1707542975098121075,1707542975099697971,0,0,1707542975156906467,0,0,1707542975238466964,1707542975104884398,0,0,1707542975107641360,1707542975107655025,1707542975238475546,1707542975241559106,1707542975242900719,1707542975242905169,1707542975261187334,1707542975261197635,0,0,1707542975261303221,1707542975261342359,0,0,1707542975261530525,1707542975261626654,1707542975261981931,1707542975262257670,1707542975264625511,1707542975264626930,1707542975266206267,1707542975107657604,0,0,1707542975108256898,1707542975109931569,1707542975266511673
167772245,0,1707542975108213245,1707542975109302137,0,0,1707542975146071136,0,0,1707542975226119879,1707542975112594076,0,0,1707542975114441658,1707542975114462265,1707542975226132292,1707542975229298385,1707542975230564759,1707542975230570090,1707542975252595695,1707542975252602548,0,0,1707542975252861934,1707542975252876218,0,0,1707542975253259268,1707542975253382369,1707542975253583084,1707542975253910595,1707542975254967926,1707542975254969021,1707542975257081624,1707542975114465114,0,0,1707542975115121749,1707542975116333645,1707542975257487047
167772246,0,1707542975108212872,1707542975109444776,0,0,1707542975127873814,0,0,1707542975211931113,1707542975110395616,0,0,1707542975112252306,1707542975112269166,1707542975211946841,1707542975215386485,1707542975217463486,1707542975217470038,1707542975231573433,1707542975231590100,0,0,1707542975231742428,1707542975231754047,0,0,1707542975231896347,1707542975232011651,1707542975232317554,1707542975233718824,1707542975235551436,1707542975235552710,1707542975238427460,1707542975112271747,0,0,1707542975112878396,1707542975114775203,1707542975238713299
167772247,0,1707542975112254016,1707542975113500113,0,0,1707542975212888838,0,0,1707542975276977142,1707542975114529385,0,0,1707542975115028082,1707542975115043481,1707542975276989549,1707542975280099135,1707542975280899714,1707542975280901842,1707542975293419112,1707542975293425408,0,0,1707542975293525883,1707542975293533661,0,0,1707542975293603883,1707542975293666483,1707542975293796045,1707542975294251927,1707542975295036082,1707542975295036623,1707542975296366665,1707542975115046234,0,0,1707542975115504114,1707542975117583094,1707542975296557060
167772248,0,1707542975118430960,1707542975119807288,0,0,1707542975142447103,0,0,1707542975221523938,1707542975121141755,0,0,1707542975127355770,1707542975127375888,1707542975221542720,1707542975224643765,1707542975225759038,1707542975225765123,1707542975246904194,1707542975246910899,0,0,1707542975246970084,1707542975246975613,0,0,1707542975247049420,1707542975247119128,1707542975247333715,1707542975247964300,1707542975248958995,1707542975248959699,1707542975250424419,1707542975127379598,0,0,1707542975127641989,1707542975131475444,1707542975250597169
167772249,0,1707542975139135613,1707542975140186431,0,0,1707542975210628966,0,0,1707542975274988475,1707542975141719205,0,0,1707542975147801356,1707542975147825188,1707542975275000056,1707542975278080823,1707542975280052316,1707542975280055711,1707542975292614200,1707542975292621692,0,0,1707542975292699875,1707542975292705668,0,0,1707542975292767254,1707542975292815872,1707542975292945908,1707542975293456787,1707542975294229795,1707542975294230370,1707542975295404744,1707542975147828514,0,0,1707542975152692309,1707542975159788427,1707542975295673356
167772250,0,1707542975117851363,1707542975118867742,0,0,1707542975133250934,0,0,1707542975215459448,1707542975119570372,0,0,1707542975121948478,1707542975121975902,1707542975215468879,1707542975218583874,1707542975219428010,1707542975219431834,1707542975238974306,1707542975238981056,0,0,1707542975239020284,1707542975239026877,0,0,1707542975239089082,1707542975239137881,1707542975239272133,1707542975241129748,1707542975243337190,1707542975243338095,1707542975245004175,1707542975121979993,0,0,1707542975122343660,1707542975126012018,1707542975245240615
167772251,0,1707542975119142855,1707542975121117231,0,0,1707542975190859513,0,0,1707542975268737204,1707542975121544594,0,0,1707542975124441837,1707542975124474531,1707542975268747118,1707542975271808650,1707542975272613895,1707542975272615266,1707542975285232585,1707542975285243788,0,0,1707542975285364037,1707542975285375554,0,0,1707542975285620457,1707542975285722700,1707542975285906872,1707542975286215221,1707542975287111594,1707542975287112459,1707542975288423585,1707542975124479367,0,0,1707542975126217246,1707542975127510308,1707542975288602330
167772252,0,1707542975129684108,1707542975130607575,0,0,1707542975145070778,0,0,1707542975225153091,1707542975131725357,0,0,1707542975138232573,1707542975138247339,1707542975225173727,1707542975228293377,1707542975230108763,1707542975230112886,1707542975251706559,1707542975251713128,0,0,1707542975251791636,1707542975251802274,0,0,1707542975251929765,1707542975252033678,1707542975252304494,1707542975252616546,1707542975253878627,1707542975253879754,1707542975255554060,1707542975138249733,0,0,1707542975142997025,1707542975144549184,1707542975255903932
167772253,0,1707542975119986402,1707542975122006013,0,0,1707542975159836071,0,0,1707542975244215191,1707542975122438988,0,0,1707542975125806478,1707542975125822852,1707542975244229425,1707542975247356008,1707542975249762741,1707542975249767263,1707542975267540819,1707542975267550779,0,0,1707542975267678017,1707542975267685351,0,0,1707542975267752364,1707542975267813079,1707542975268056859,1707542975268372998,1707542975269401177,1707542975269402026,1707542975270727689,1707542975125825917,0,0,1707542975127500273,1707542975129414867,1707542975270901651
167772254,0,1707542975121729257,1707542975123399240,0,0,1707542975222082553,0,0,1707542975280322691,1707542975125144464,0,0,1707542975125595515,1707542975125616911,1707542975280333065,1707542975283432559,1707542975284231261,1707542975284232827,1707542975296661949,1707542975296668385,0,0,1707542975296726951,1707542975296734320,0,0,1707542975296817611,1707542975296881667,1707542975297005663,1707542975297544960,1707542975298321689,1707542975298322122,1707542975300114060,1707542975125620608,0,0,1707542975127142046,1707542975128410956,1707542975300282792
167772255,0,1707542975119351210,1707542975120202343,0,0,1707542975205530940,0,0,1707542975274018456,1707542975123773236,0,0,1707542975130667251,1707542975130691618,1707542975274028366,1707542975277097035,1707542975279099399,1707542975279102415,1707542975291637671,1707542975291649596,0,0,1707542975291766734,1707542975291774715,0,0,1707542975291891110,1707542975291941825,1707542975292085308,1707542975292615792,1707542975293393294,1707542975293393871,1707542975294633233,1707542975130695361,0,0,1707542975131898420,1707542975134462897,1707542975294798222
167772256,0,1707542975126659905,1707542975128275405,0,0,1707542975148077150,0,0,1707542975227335235,1707542975131449687,0,0,1707542975133028750,1707542975133062623,1707542975227350702,1707542975230507379,1707542975232040776,1707542975232045231,1707542975253908689,1707542975253917220,0,0,1707542975254036281,1707542975254047444,0,0,1707542975254182691,1707542975254301172,1707542975254464562,1707542975254995158,1707542975255776237,1707542975255776830,1707542975257862173,1707542975133066760,0,0,1707542975139426965,1707542975140882198,1707542975258057585
167772257,0,1707542975129533796,1707542975130607578,0,0,1707542975183153871,0,0,1707542975260661613,1707542975131647516,0,0,1707542975138323733,1707542975138340587,1707542975260674636,1707542975263774783,1707542975265685078,1707542975265689743,1707542975280721171,1707542975280727840,0,0,1707542975280769467,1707542975280777085,0,0,1707542975280846610,1707542975280901361,1707542975281029165,1707542975281533356,1707542975282313089,1707542975282313883,1707542975283543555,1707542975138343112,0,0,1707542975144694547,1707542975146637650,1707542975283715589
167772258,0,1707542975128622211,1707542975129666255,0,0,1707542975190086471,0,0,1707542975266268515,1707542975130453531,0,0,1707542975138004635,1707542975138023124,1707542975266280704,1707542975269395612,1707542975270193676,1707542975270195699,1707542975283167739,1707542975283174539,0,0,1707542975283246006,1707542975283251250,0,0,1707542975283305286,1707542975283347498,1707542975283482868,1707542975283987787,1707542975285196921,1707542975285198134,1707542975286711482,1707542975138026164,0,0,1707542975139281927,1707542975141811037,1707542975287013714
167772259,0,1707542975141462806,1707542975142643329,0,0,1707542975173872646,0,0,1707542975252462032,1707542975148818147,0,0,1707542975157148140,1707542975157166436,1707542975252471412,1707542975255550963,1707542975256574531,1707542975256579445,1707542975273651264,1707542975273658363,0,0,1707542975273690209,1707542975273695510,0,0,1707542975273754793,1707542975273799299,1707542975273943182,1707542975274620143,1707542975275580294,1707542975275581156,1707542975276973898,1707542975157169974,0,0,1707542975158159380,1707542975160869930,1707542975277262025
167772260,0,1707542975135756796,1707542975136725703,0,0,1707542975230087208,0,0,1707542975284458829,1707542975141845318,0,0,1707542975145541599,1707542975145561901,1707542975284473420,1707542975287615608,1707542975289666081,1707542975289668630,1707542975302132116,1707542975302137057,0,0,1707542975302180892,1707542975302187790,0,0,1707542975302254290,1707542975302308168,1707542975302424568,1707542975302949147,1707542975303713141,1707542975303713645,1707542975305015944,1707542975145564468,0,0,1707542975150856816,1707542975152229263,1707542975305176988
167772261,0,1707542975150926300,1707542975151819575,0,0,1707542975171000464,0,0,1707542975250416544,1707542975161578850,0,0,1707542975166934800,1707542975166950815,1707542975250428607,1707542975253530498,1707542975255514746,1707542975255518623,1707542975271948029,1707542975271953953,0,0,1707542975272061304,1707542975272067055,0,0,1707542975272130801,1707542975272178487,1707542975272316973,1707542975272811390,1707542975273627000,1707542975273627805,1707542975274982298,1707542975166954282,0,0,1707542975167510815,1707542975168961840,1707542975275249041
167772262,0,1707542975159214254,1707542975160024236,0,0,1707542975240720086,0,0,1707542975287613915,1707542975167882246,0,0,1707542975169901936,1707542975169923488,1707542975287623693,1707542975290693595,1707542975291925943,1707542975291927586,1707542975304588144,1707542975304595278,0,0,1707542975304670059,1707542975304677805,0,0,1707542975304746047,1707542975304808555,1707542975304939768,1707542975305418329,1707542975306211409,1707542975306212057,1707542975307430372,1707542975169926102,0,0,1707542975170078530,1707542975171114943,1707542975307602832
167772263,0,1707542975127686354,1707542975129640192,0,0,1707542975168098233,0,0,1707542975248586517,1707542975130368192,0,0,1707542975135943662,1707542975135965711,1707542975248603141,1707542975251728026,1707542975252915491,1707542975252920290,1707542975270280209,1707542975270286344,0,0,1707542975270340117,1707542975270348229,0,0,1707542975270423853,1707542975270487025,1707542975270628074,1707542975271120046,1707542975271927476,1707542975271928033,1707542975273203333,1707542975135969356,0,0,1707542975136166199,1707542975137430289,1707542975273494488
167772264,0,1707542975137396837,1707542975138411142,0,0,1707542975216024894,0,0,1707542975278649080,1707542975141120172,0,0,1707542975145606242,1707542975145619009,1707542975278666983,1707542975281774440,1707542975282578661,1707542975282580695,1707542975295057761,1707542975295064299,0,0,1707542975295095450,1707542975295101047,0,0,1707542975295161094,1707542975295207325,1707542975295345225,1707542975295863501,1707542975296645506,1707542975296646001,1707542975297960046,1707542975145621436,0,0,1707542975150936907,1707542975154191076,1707542975298142984
167772265,0,1707542975144827889,1707542975150553975,0,0,1707542975224999418,0,0,1707542975282730400,1707542975150982593,0,0,1707542975154180597,1707542975154217614,1707542975282741504,1707542975285847515,1707542975288078406,1707542975288081540,1707542975300489629,1707542975300495740,0,0,1707542975300547466,1707542975300552876,0,0,1707542975300617794,1707542975300666181,1707542975300787677,1707542975301348912,1707542975302117288,1707542975302117784,1707542975303418436,1707542975154222870,0,0,1707542975155645976,1707542975156974186,1707542975303686580
167772266,0,1707542975131847289,1707542975139387134,0,0,1707542975222954029,0,0,1707542975281978865,1707542975142619351,0,0,1707542975145473656,1707542975145492614,1707542975281999170,1707542975285137950,1707542975286112949,1707542975286115393,1707542975299664702,1707542975299671666,0,0,1707542975299751137,1707542975299756588,0,0,1707542975299818565,1707542975299867462,1707542975300015703,1707542975300529124,1707542975301328532,1707542975301329146,1707542975302507816,1707542975145496085,0,0,1707542975148735550,1707542975150129625,1707542975302668243
167772267,0,1707542975145693457,1707542975146867893,0,0,1707542975190620802,0,0,1707542975268155321,1707542975147868611,0,0,1707542975148525276,1707542975148545858,1707542975268166996,1707542975271303080,1707542975273365199,1707542975273367932,1707542975286217317,1707542975286225789,0,0,1707542975286288246,1707542975286297615,0,0,1707542975286392896,1707542975286460852,1707542975286625742,1707542975287177154,1707542975287964248,1707542975287964817,1707542975289236332,1707542975148548984,0,0,1707542975152676579,1707542975154085032,1707542975289524287
167772268,0,1707542975137298762,1707542975138238570,0,0,1707542975160621907,0,0,1707542975245011439,1707542975140423070,0,0,1707542975144937442,1707542975144964939,1707542975245024908,1707542975248151072,1707542975249146580,1707542975249147967,1707542975265475315,1707542975265483097,0,0,1707542975265728072,1707542975265736392,0,0,1707542975265841897,1707542975265944527,1707542975266089787,1707542975267579532,1707542975268346993,1707542975268347555,1707542975269895295,1707542975144968389,0,0,1707542975148990443,1707542975150242379,1707542975270071734
167772269,0,1707542975141099249,1707542975142403329,0,0,1707542975163809611,0,0,1707542975247462796,1707542975153181405,0,0,1707542975156964746,1707542975156989022,1707542975247474749,1707542975250569279,1707542975251364246,1707542975251366002,1707542975269433497,1707542975269441355,0,0,1707542975269532165,1707542975269540463,0,0,1707542975269619075,1707542975269690441,1707542975269828636,1707542975270324472,1707542975271098764,1707542975271099423,1707542975272384790,1707542975156991848,0,0,1707542975159033335,1707542975161870768,1707542975272563729
167772270,0,1707542975151830729,1707542975157284968,0,0,1707542975170430292,0,0,1707542975249457489,1707542975159554152,0,0,1707542975166910231,1707542975166933401,1707542975249468251,1707542975252566211,1707542975253571118,1707542975253576201,1707542975271120541,1707542975271126813,0,0,1707542975271164545,1707542975271170590,0,0,1707542975271242836,1707542975271291532,1707542975271423325,1707542975272004087,1707542975272782503,1707542975272783394,1707542975274019868,1707542975166937206,0,0,1707542975167558809,1707542975168964130,1707542975274289787
167772271,0,1707542975157021641,1707542975160921824,0,0,1707542975256468025,0,0,1707542975292162840,1707542975169735947,0,0,1707542975171036931,1707542975171055687,1707542975292172621,1707542975295239159,1707542975296122162,1707542975296125582,1707542975308715769,1707542975308727037,0,0,1707542975308828525,1707542975308834171,0,0,1707542975308895904,1707542975308943712,1707542975309071769,1707542975310728503,1707542975311494958,1707542975311495492,1707542975314232698,1707542975171058412,0,0,1707542975173365014,1707542975175425844,1707542975314408390
167772272,0,1707542975142979844,1707542975144239428,0,0,1707542975162729840,0,0,1707542975246507292,1707542975146546950,0,0,1707542975154413611,1707542975154431065,1707542975246518089,1707542975249594676,1707542975250433031,1707542975250435244,1707542975268363980,1707542975268369219,0,0,1707542975268409100,1707542975268415345,0,0,1707542975268481169,1707542975268531335,1707542975268663922,1707542975269470506,1707542975270256808,1707542975270257609,1707542975271499154,1707542975154434070,0,0,1707542975154725869,1707542975157046541,1707542975271698860
167772273,0,1707542975151463714,1707542975152343389,0,0,1707542975230868933,0,0,1707542975286089348,1707542975153296610,0,0,1707542975159156110,1707542975159173868,1707542975286103479,1707542975289202104,1707542975291188558,1707542975291191434,1707542975303731953,1707542975303736847,0,0,1707542975303815911,1707542975303820586,0,0,1707542975303882310,1707542975303921251,1707542975304040948,1707542975304586090,1707542975305402987,1707542975305403489,1707542975306743005,1707542975159176506,0,0,1707542975160076178,1707542975164306043,1707542975307010232
167772274,0,1707542975144660519,1707542975146804147,0,0,1707542975197643796,0,0,1707542975270701078,1707542975147866815,0,0,1707542975149479458,1707542975149500925,1707542975270712347,1707542975273839458,1707542975275748920,1707542975275753574,1707542975287985952,1707542975287992137,0,0,1707542975288063008,1707542975288068606,0,0,1707542975288138447,1707542975288185887,1707542975288318223,1707542975288824934,1707542975289599986,1707542975289600591,1707542975290862578,1707542975149504849,0,0,1707542975154219308,1707542975156928861,1707542975291143109
167772275,0,1707542975154632493,1707542975159940104,0,0,1707542975235309090,0,0,1707542975286713199,1707542975166818154,0,0,1707542975170406822,1707542975170423825,1707542975286725014,1707542975289798207,1707542975290598506,1707542975290601056,1707542975302950250,1707542975302955893,0,0,1707542975303029632,1707542975303035151,0,0,1707542975303092983,1707542975303138816,1707542975303273930,1707542975303766194,1707542975304568409,1707542975304568938,1707542975305768446,1707542975170426644,0,0,1707542975171939917,1707542975173417422,1707542975305932093
167772276,0,1707542975158559547,1707542975159853502,0,0,1707542975184296223,0,0,1707542975262165587,1707542975166354422,0,0,1707542975170597671,1707542975170613499,1707542975262181361,1707542975265317018,1707542975266129065,1707542975266130810,1707542975281531514,1707542975281538756,0,0,1707542975281619670,1707542975281625132,0,0,1707542975281682443,1707542975281726096,1707542975281859675,1707542975282342437,1707542975283143700,1707542975283144374,1707542975284354088,1707542975170616097,0,0,1707542975173518409,1707542975176950549,1707542975284602902
167772277,0,1707542975150497955,1707542975166458269,0,0,1707542975187617488,0,0,1707542975265288434,1707542975171199197,0,0,1707542975173251827,1707542975173273076,1707542975265299001,1707542975268391880,1707542975270425631,1707542975270429220,1707542975283986523,1707542975283992743,0,0,1707542975284039863,1707542975284047316,0,0,1707542975284115836,1707542975284169283,1707542975284295929,1707542975285237251,1707542975286183497,1707542975286184406,1707542975287568329,1707542975173276612,0,0,1707542975176926154,1707542975180479611,1707542975287871149
167772278,0,1707542975150288704,1707542975152499108,0,0,1707542975198907180,0,0,1707542975271540594,1707542975153715122,0,0,1707542975159446258,1707542975159464187,1707542975271552367,1707542975274672072,1707542975275936638,1707542975275940328,1707542975288825685,1707542975288832351,0,0,1707542975288871492,1707542975288878489,0,0,1707542975288942285,1707542975288995399,1707542975289135163,1707542975289624927,1707542975290427346,1707542975290427946,1707542975292156102,1707542975159467924,0,0,1707542975161542905,1707542975166636857,1707542975292422167
167772279,0,1707542975150633556,1707542975151898496,0,0,1707542975252170406,0,0,1707542975290044777,1707542975154021947,0,0,1707542975155850588,1707542975155873858,1707542975290055689,1707542975293137083,1707542975295132597,1707542975295135425,1707542975307890998,1707542975307896469,0,0,1707542975307963447,1707542975307968641,0,0,1707542975308024481,1707542975308069458,1707542975308189380,1707542975308796557,1707542975310655282,1707542975310656435,1707542975311839506,1707542975155877983,0,0,1707542975156329534,1707542975159742872,1707542975312014485
167772280,0,1707542975152195411,1707542975153194520,0,0,1707542975243369577,0,0,1707542975288389006,1707542975154324481,0,0,1707542975159798630,1707542975159812696,1707542975288399530,1707542975291482651,1707542975292660214,1707542975292663939,1707542975305416942,1707542975305422088,0,0,1707542975305472008,1707542975305480373,0,0,1707542975305556232,1707542975305614193,1707542975305733395,1707542975306266550,1707542975307039491,1707542975307040077,1707542975308368109,1707542975159815581,0,0,1707542975160589340,1707542975163334818,1707542975308641569
167772281,0,1707542975163803211,1707542975165015929,0,0,1707542975179940736,0,0,1707542975258677789,1707542975166242471,0,0,1707542975167274757,1707542975167291102,1707542975258691491,1707542975261793436,1707542975264468833,1707542975264474543,1707542975279893897,1707542975279901183,0,0,1707542975279981142,1707542975279989453,0,0,1707542975280054788,1707542975280111565,1707542975280245187,1707542975280721855,1707542975281515222,1707542975281515682,1707542975282720532,1707542975167293709,0,0,1707542975167545790,1707542975169052686,1707542975283007352
167772282,0,1707542975165660876,1707542975166675829,0,0,1707542975182422613,0,0,1707542975259443972,1707542975171022804,0,0,1707542975174005418,1707542975174020831,1707542975259452654,1707542975262539995,1707542975263574547,1707542975263578449,1707542975279078067,1707542975279085097,0,0,1707542975279137382,1707542975279145994,0,0,1707542975279243997,1707542975279312775,1707542975279449178,1707542975279894846,1707542975280703955,1707542975280704585,1707542975281931488,1707542975174023504,0,0,1707542975181358693,1707542975182645534,1707542975282235615
167772283,0,1707542975159718966,1707542975160958276,0,0,1707542975260513359,0,0,1707542975293028385,1707542975162043365,0,0,1707542975167364230,1707542975167377763,1707542975293038606,1707542975296104808,1707542975296919011,1707542975296920803,1707542975310694457,1707542975310704527,0,0,1707542975310807605,1707542975310812494,0,0,1707542975310867305,1707542975310912194,1707542975311139017,1707542975311549224,1707542975313413222,1707542975313414055,1707542975314310369,1707542975167380141,0,0,1707542975168165527,1707542975169536586,1707542975314477162
167772284,0,1707542975169777905,1707542975171581753,0,0,1707542975228875438,0,0,1707542975283558214,1707542975172823432,0,0,1707542975173665886,1707542975173682361,1707542975283569332,1707542975286681492,1707542975288713579,1707542975288717256,1707542975301351084,1707542975301357544,0,0,1707542975301425338,1707542975301430570,0,0,1707542975301483252,1707542975301527965,1707542975301661563,1707542975302133748,1707542975302931773,1707542975302932285,1707542975304082526,1707542975173685903,0,0,1707542975175046134,1707542975176437430,1707542975304257993
167772285,0,1707542975173518649,1707542975176510061,0,0,1707542975261914997,0,0,1707542975293864894,1707542975177063127,0,0,1707542975183391758,1707542975183409754,1707542975293876797,1707542975297125241,1707542975299175556,1707542975299178239,1707542975311511055,1707542975311527296,0,0,1707542975311563912,1707542975311568699,0,0,1707542975311624847,1707542975311664146,1707542975311789988,1707542975313484150,1707542975314262715,1707542975314263233,1707542975314459629,1707542975183412082,0,0,1707542975185911596,1707542975187095775,1707542975314749002
167772286,0,1707542975175373847,1707542975176630383,0,0,1707542975196081198,0,0,1707542975269898027,1707542975182844388,0,0,1707542975185705774,1707542975185724641,1707542975269906788,1707542975272970822,1707542975273789053,1707542975273790803,1707542975287142438,1707542975287149788,0,0,1707542975287240932,1707542975287247076,0,0,1707542975287310910,1707542975287361045,1707542975287501103,1707542975287987250,1707542975288803925,1707542975288804557,1707542975290002420,1707542975185728214,0,0,1707542975185996428,1707542975187168362,1707542975290179029
167772287,0,1707542975178220877,1707542975179789541,0,0,1707542975255575937,0,0,1707542975290824107,1707542975183187975,0,0,1707542975185638493,1707542975185659400,1707542975290834399,1707542975293898490,1707542975294739858,1707542975294742300,1707542975307060234,1707542975307066108,0,0,1707542975307172557,1707542975307177318,0,0,1707542975307231258,1707542975307273480,1707542975307391850,1707542975307895756,1707542975308687755,1707542975308688490,1707542975311196252,1707542975185662611,0,0,1707542975185958812,1707542975189087500,1707542975311367203
167772288,0,1707542975178262659,1707542975180532153,0,0,1707542975213004146,0,0,1707542975277811495,1707542975181791830,0,0,1707542975183205036,1707542975183222028,1707542975277824505,1707542975280896815,1707542975282938467,1707542975282941757,1707542975295864348,1707542975295870572,0,0,1707542975295969065,1707542975295978125,0,0,1707542975296063392,1707542975296143061,1707542975296305530,1707542975296694950,1707542975297502771,1707542975297503361,1707542975298765083,1707542975183224592,0,0,1707542975185855982,1707542975187007946,1707542975298993127
167772289,0,1707542975175043447,1707542975177116229,0,0,1707542975199475082,0,0,1707542975272386587,1707542975177826511,0,0,1707542975183004334,1707542975183044260,1707542975272397497,1707542975275466362,1707542975276276968,1707542975276279394,1707542975289622891,1707542975289628864,0,0,1707542975289704282,1707542975289709955,0,0,1707542975289775207,1707542975289820027,1707542975289945859,1707542975290445624,1707542975291613859,1707542975291614719,1707542975293022247,1707542975183048220,0,0,1707542975185807136,1707542975187355338,1707542975293192733
167772290,0,1707542975181787265,1707542975183154511,0,0,1707542975200227875,0,0,1707542975273193614,1707542975185454690,0,0,1707542975186029314,1707542975186041846,1707542975273205810,1707542975276281600,1707542975277097455,1707542975277099459,1707542975290446126,1707542975290452480,0,0,1707542975290497103,1707542975290504421,0,0,1707542975290568332,1707542975290623541,1707542975290756381,1707542975291641175,1707542975292589118,1707542975292589847,1707542975293861655,1707542975186044137,0,0,1707542975186262245,1707542975187982822,1707542975294032373
167772291,0,1707542975178560342,1707542975180377947,0,0,1707542975246829323,0,0,1707542975289213821,1707542975180949454,0,0,1707542975183492944,1707542975183514512,1707542975289224649,1707542975292297176,1707542975294205874,1707542975294208636,1707542975306236611,1707542975306250132,0,0,1707542975306329558,1707542975306335355,0,0,1707542975306400518,1707542975306445312,1707542975306572304,1707542975307096901,1707542975307874629,1707542975307875152,1707542975309153475,1707542975183518396,0,0,1707542975185917624,1707542975187177899,1707542975309411367
167772292,0,1707542975187253271,1707542975188425027,0,0,1707542975220373731,0,0,1707542975279529771,1707542975189896753,0,0,1707542975190480952,1707542975190524721,1707542975279541806,1707542975282609113,1707542975284724511,1707542975284730770,1707542975297530502,1707542975297536857,0,0,1707542975297611400,1707542975297617097,0,0,1707542975297676989,1707542975297722780,1707542975297856402,1707542975298384605,1707542975299636956,1707542975299637877,1707542975300957347,1707542975190529711,0,0,1707542975191465308,1707542975193295416,1707542975301237357
167772293,0,1707542975185738733,1707542975186751332,0,0,1707542975222114631,0,0,1707542975281183547,1707542975187851109,0,0,1707542975188131035,1707542975188166483,1707542975281195677,1707542975284270909,1707542975285483604,1707542975285488827,1707542975298344330,1707542975298349732,0,0,1707542975298438061,1707542975298443545,0,0,1707542975298510926,1707542975298555896,1707542975298695745,1707542975299693553,1707542975300466954,1707542975300467489,1707542975301703953,1707542975188170505,0,0,1707542975188894933,1707542975190043388,1707542975301873752
167772294,0,1707542975186030022,1707542975187649588,0,0,1707542975284177223,0,0,1707542975294759915,1707542975188257554,0,0,1707542975188738542,1707542975188757254,1707542975294773745,1707542975297893965,1707542975299876126,1707542975299878890,1707542975313444505,1707542975313452376,0,0,1707542975313589501,1707542975313597350,0,0,1707542975313665945,1707542975313886886,1707542975314120758,1707542975314286521,1707542975316215996,1707542975316217019,1707542975316402698,1707542975188760156,0,0,1707542975189921594,1707542975192221577,1707542975316668836
167772295,0,1707542975185738708,1707542975187643007,0,0,1707542975211144214,0,0,1707542975276259081,1707542975188267823,0,0,1707542975189794561,1707542975189813981,1707542975276276346,1707542975279427821,1707542975281435775,1707542975281438399,1707542975294248930,1707542975294258307,0,0,1707542975294336654,1707542975294342902,0,0,1707542975294407779,1707542975294457437,1707542975294582620,1707542975295060787,1707542975295843675,1707542975295844308,1707542975297138988,1707542975189817213,0,0,1707542975190063703,1707542975191165328,1707542975297439452
